 ,Label,Area,Mean,Min,Max,X,Y,BiologicalReplicate,CellArea,CellMean,CellTotalFluorescence,CellMin,CellMax,CellStd,X_PoleDim,Y_PoleDim,AreaPoleDim,MeanPoleDim,TotalFluorescencePoleDim,MinPoleDim,MaxPoleDim,StdPoleDim,Nb_Pili_PoleDim,Nb_Flagella_PoleDim,X_PoleBright,Y_PoleBright,AreaPoleBright,MeanPoleBright,TotalFluorescencePoleBright,MinPoleBright,MaxPoleBright,StdPoleBright,Nb_Pili_PoleBright,Nb_Flagella_PoleBright,PolarRatio,Cell_ID,RetractedPilusLength_Dim,RetractedPilusFrame_Dim,RetractedPilusLength_Bright,RetractedPilusFrame_Bright,StdDev,Median,Slice,Strain,Growth
1.0,CpdA-FLiC-_2_Microchannel_0_event2_tirf_RAW_Stack.tif,1208.0,255.0,255.0,255.0,32.13576,43.8303,1.0,1310.0,2320.96947,3040470.0,2218.0,2438.0,48.10152,334.36832000000004,391.5983700000001,293.0,2314.05461,678018.0,2218.0,2416.0,54.11844,2,0.0,309.25696,356.67231,293.0,2329.67918,682596.0,2227.0,2438.0,50.53582,8,0.0,1.0007,,,,,,,,,cpdA-fliC-,Liquid
1.0,CpdA-FLiC-_2_Microchannel_0_event3_tirf_RAW_Stack.tif,2250.0,255.0,255.0,255.0,73.56222,31.296,1.0,2405.0,2322.13597,5584737.0,2203.0,2484.0,50.76962,238.72899,337.8785,421.0,2293.2019,965438.0,2203.0,2420.0,45.659290000000006,1,0.0,153.85091,358.4192,421.0,2375.52257,1000095.0,2300.0,2484.0,35.50456,8,0.0,1.00812,,,,,,,,,cpdA-fliC-,Liquid
1.0,CpdA-FLiC-_2_Microchannel_1_event2_tirf_RAW_Stack.tif,7524.0,255.0,255.0,255.0,46.00864,45.05622,1.0,7706.0,1195.06943,9209205.0,1153.0,1266.0,14.655970000000002,275.71321,202.77952,812.0,1198.55296,973225.0,1167.0,1226.0,10.54476,3,0.0,275.71321,266.22048,812.0,1199.69212,974150.0,1153.0,1239.0,12.51293,6,0.0,1.0043,,,,,,,,,cpdA-fliC-,Liquid
1.0,CpdA-FLiC-_2_Microchannel_1_event3_tirf_RAW_Stack.tif,1698.0,255.0,255.0,255.0,21.60542,51.71673,1.0,1806.0,1196.81949,2161456.0,1109.0,1345.0,50.5795,391.13961,338.56073,316.0,1192.7436699999998,376907.0,1124.0,1267.0,40.74879,7,0.0,377.33117,287.5837,316.0,1204.4557,380608.0,1111.0,1345.0,55.03726,7,0.0,1.00229,,,,,,,,,cpdA-fliC-,Liquid
1.0,CpdA-FLiC-_2_Microchannel_3_event3_tirf_RAW_Stack.tif,3112.0,255.0,255.0,255.0,57.22333,28.92898,1.0,3322.0,1782.4440100000002,5921279.0,1688.0,1854.0,35.09491,207.39631,184.06188,316.0,1798.92405,568460.0,1762.0,1846.0,17.07613,6,0.0,202.42245,153.83908,316.0,1805.73734,570613.0,1771.0,1838.0,14.26364,7,0.0,1.01381,,,,,,,,,cpdA-fliC-,Liquid
1.0,CpdA-FLiC-_2_Microchannel_3_event4_tirf_RAW_Stack.tif,3092.0,255.0,255.0,255.0,65.41041,21.75259,1.0,3389.0,2308.52316,7823585.0,2218.0,2396.0,33.86305,329.02777000000003,172.88003999999998,97.0,2299.62887,223064.0,2265.0,2342.0,22.08097,7,0.0,328.17191,197.52112,97.0,2315.19588,224574.0,2283.0,2345.0,20.03624,6,0.0,0.99949,,,,,,,,,cpdA-fliC-,Liquid
1.0,CpdA-FliC-_3_Microchannel_0_event11_tirf_RAW_Stack.tif,1656.0,255.0,255.0,255.0,54.69626,39.4692,1.0,1795.0,2360.90752,4237829.0,2208.0,2518.0,45.99133,254.26065,249.01894,137.0,2383.82482,326584.0,2333.0,2443.0,25.91925,6,0.0,246.84456,253.6752,137.0,2419.40146,331458.0,2369.0,2467.0,25.80312,7,0.0,1.02041,,,,,,,,,cpdA-fliC-,Liquid
1.0,CpdA-FliC-_3_Microchannel_0_event2_tirf_RAW_Stack.tif,1909.0,255.0,255.0,255.0,49.61786,41.85306,1.0,2037.0,2405.0780600000003,4899144.0,2209.0,2710.0,95.88911,187.92309,396.59644,540.0,2411.95926,1302458.0,2209.0,2710.0,107.88636,1,0.0,142.78028999999998,432.0253,540.0,2418.49074,1305985.0,2252.0,2596.0,78.47445,3,0.0,1.00902,,,,,,,,,cpdA-fliC-,Liquid
1.0,CpdA-FliC-_3_Microchannel_0_event3_tirf_RAW_Stack.tif,2037.0,255.0,255.0,255.0,56.30167,21.73466,1.0,2166.0,2404.03463,5207139.0,2217.0,2834.0,101.71609,325.32935,408.72213,540.0,2394.21852,1292878.0,2276.0,2542.0,63.85487,7,0.0,325.20673,399.43745,540.0,2395.22037,1293419.0,2256.0,2542.0,67.15795,5,0.0,0.9923,,,,,,,,,cpdA-fliC-,Liquid
2.0,CpdA-FliC-_3_Microchannel_0_event3_tirf_RAW_Stack.tif,1846.0,255.0,255.0,255.0,22.95395,45.04875,1.0,1952.0,2417.61014,4719175.0,2083.0,3207.0,214.59888,236.40366,186.88987,256.0,2403.95703,615413.0,2243.0,2984.0,148.44523,3,0.0,245.13966,233.19437,256.0,2437.92578,624109.0,2240.0,2772.0,133.90628,9,0.0,1.00187,,,,,,,,,cpdA-fliC-,Liquid
1.0,CpdA-FliC-_3_Microchannel_0_event4_tirf_RAW_Stack.tif,2244.0,255.0,255.0,255.0,25.86497,67.14305,1.0,2374.0,2380.34794,5650946.0,2155.0,2760.0,124.09478,258.08629,286.70495,349.0,2374.27221,828621.0,2186.0,2534.0,91.89861,2,0.0,248.26401,288.9415,349.0,2402.14327,838348.0,2233.0,2516.0,78.24234,7,0.0,1.00468,,,,,,,,,cpdA-fliC-,Liquid
1.0,CpdA-FliC-_3_Microchannel_0_event6_tirf_RAW_Stack.tif,1667.0,255.0,255.0,255.0,58.13107,37.03269,1.0,1791.0,2384.27917,4270244.0,2244.0,2540.0,52.28629,293.4079,252.47434,97.0,2378.96907,230760.0,2340.0,2438.0,26.476190000000003,7,0.0,278.09291,253.63936,97.0,2406.81443,233461.0,2314.0,2468.0,41.20056,7,0.0,1.00405,,,,,,,,,cpdA-fliC-,Liquid
2.0,CpdA-FliC-_3_Microchannel_0_event6_tirf_RAW_Stack.tif,1314.0,255.0,255.0,255.0,35.02588,46.79072,1.0,1411.0,2394.59603,3378775.0,1806.0,4021.0,423.95512,122.17485,415.04039,69.0,2311.72464,159509.0,2203.0,2482.0,96.04975,2,0.0,141.06747,419.79292,69.0,2408.68116,166199.0,2081.0,2508.0,97.11947,9,0.0,0.9841,,,,,,,,,cpdA-fliC-,Liquid
1.0,CpdA-FliC-_3_Microchannel_0_event8_tirf_RAW_Stack.tif,1747.0,255.0,255.0,255.0,58.10904,53.00315,1.0,1872.0,2374.11432,4444342.0,2201.0,2625.0,73.05091,321.8221,276.49242000000004,421.0,2362.02375,994412.0,2201.0,2625.0,96.57758,10,0.0,284.06005,232.30148,421.0,2378.6698300000003,1001420.0,2279.0,2467.0,38.59741,1,0.0,0.99712,,,,,,,,,cpdA-fliC-,Liquid
1.0,CpdA-FliC-_3_Microchannel_0_event9_tirf_RAW_Stack.tif,1805.0,255.0,255.0,255.0,39.1615,53.59917,1.0,1929.0,2119.23069,4087996.0,1985.0,2311.0,68.97315,244.16341,240.83994,577.0,2135.24437,1232036.0,1985.0,2311.0,76.4588,1,0.0,250.99897,244.65565,577.0,2135.25997,1232045.0,1985.0,2311.0,77.19428,8,0.0,1.01903,,,,,,,,,cpdA-fliC-,Liquid
1.0,CpdA-FliC-_3_Microchannel_1_event1_tirf_RAW_Stack.tif,2565.0,255.0,255.0,255.0,37.908190000000005,69.7807,1.0,2730.0,2375.59304,6485369.0,2204.0,2625.0,87.67105,368.18091,324.76855,577.0,2375.10572,1370436.0,2237.0,2558.0,79.34548000000001,6,0.0,366.69639,332.97848,577.0,2375.34662,1370575.0,2259.0,2558.0,68.67707,7,0.0,0.99973,,,,,,,,,cpdA-fliC-,Liquid
1.0,CpdA-FliC-_3_Microchannel_1_event2_tirf_RAW_Stack.tif,1230.0,255.0,255.0,255.0,29.73902,41.79675,1.0,1332.0,2390.03829,3183531.0,2273.0,2561.0,72.12507,312.6911,208.14659,208.0,2352.84135,489391.0,2282.0,2471.0,38.73456,6,0.0,315.53877,193.34792,208.0,2382.95673,495655.0,2279.0,2516.0,83.8685,4,0.0,0.98659,,,,,,,,,cpdA-fliC-,Liquid
1.0,CpdA-FliC-_3_Microchannel_1_event3_tirf_RAW_Stack.tif,1029.0,255.0,255.0,255.0,40.32993,51.47668,1.0,1122.0,2370.3262,2659506.0,2253.0,2497.0,51.85519,315.38425,224.09322000000003,69.0,2350.43478,162180.0,2307.0,2422.0,34.49232,4,0.0,331.88281,230.55366,69.0,2401.46377,165701.0,2347.0,2455.0,33.90453,4,0.0,1.00271,,,,,,,,,cpdA-fliC-,Liquid
1.0,CpdA-FliC-_3_Microchannel_1_event7_tirf_RAW_Stack.tif,2301.0,255.0,255.0,255.0,46.45828,19.40526,1.0,2488.0,2393.0,5953784.0,2298.0,2471.0,26.9014,344.86437,205.72652,112.0,2394.47321,268181.0,2366.0,2429.0,16.5551,2,0.0,348.14154,199.5705,112.0,2397.66071,268538.0,2364.0,2430.0,15.13099,7,0.0,1.00141,,,,,,,,,cpdA-fliC-,Liquid
1.0,CpdA-FLiC-_Microchannel_0_event3_tirf_RAW_Stack.tif,3125.0,255.0,255.0,255.0,70.23312,26.04688,1.0,3368.0,66.78711,224939.0,0.0,158.0,34.44535,321.5575,223.11082,208.0,49.95673,10391.0,0.0,122.0,33.83054,4,0.0,279.85947000000004,244.65046,208.0,83.70192,17410.0,34.0,133.0,24.80022,7,0.0,1.00072,,,,,,,,,cpdA-fliC-,Liquid
1.0,CpdA-FLiC-_Microchannel_1_event5_tirf_RAW_Stack.tif,1854.0,255.0,255.0,255.0,60.03506,49.35221,1.0,2089.0,2311.81091,4829373.0,2247.0,2398.0,28.58432,346.01878,341.94657,256.0,2299.42188,588652.0,2248.0,2358.0,27.17932,5,0.0,333.61169,353.40849,256.0,2326.82422,595667.0,2295.0,2362.0,17.47975,6,0.0,1.00075,,,,,,,,,cpdA-fliC-,Liquid
1.0,CpdA-FLiC-_Microchannel_1_event7_tirf_RAW_Stack.tif,1793.0,255.0,255.0,255.0,35.76827,49.14306,1.0,1918.0,2345.56621,4498796.0,2100.0,2727.0,121.67595,286.83429,292.92556,225.0,2308.83556,519488.0,2148.0,2527.0,88.33239,2,0.0,261.99039,316.79513,225.0,2344.08889,527420.0,2184.0,2727.0,117.41757,6,0.0,0.98939,,,,,,,,,cpdA-fliC-,Liquid
1.0,CpdA-FLiC-_Microchannel_2_event6_tirf_RAW_Stack.tif,1470.0,255.0,255.0,255.0,27.57483,52.22993,1.0,1575.0,2361.86857,3719943.0,2187.0,2556.0,93.36401,240.02101,312.08158,316.0,2355.23734,744255.0,2214.0,2556.0,74.14664,2,0.0,253.93789,268.59025,316.0,2389.06962,754946.0,2231.0,2505.0,77.1493,6,0.0,1.00729,,,,,,,,,cpdA-fliC-,Liquid
1.0,cpdA-fliC-_PaQa_solid_0_event1_tirf_RAW_Stack.tif,1941.0,255.0,255.0,255.0,51.30732,49.58552,1.0,2079.0,2447.7494,5088871.0,553.0,3756.0,1067.05285,177.23769,250.57434,489.0,2274.43763,1112200.0,341.0,3754.0,1203.41701,4,0.0,130.25274,202.96764,489.0,2373.62781,1160704.0,603.0,3756.0,1099.07028,6,0.0,0.90866,,,,,,,,,cpdA-fliC-,Solid
1.0,cpdA-fliC-_PaQa_solid_0_event10_tirf_RAW_Stack.tif,2597.0,255.0,255.0,255.0,39.9278,56.70639,1.0,2740.0,2940.8927,8058046.0,835.0,3749.0,931.28263,271.79085,258.33987,749.0,2646.48999,1982221.0,730.0,3749.0,1131.54548,5,0.0,244.32811,198.60543,749.0,2864.17891,2145270.0,1063.0,3746.0,965.1849,6,0.0,0.87065,,,,,,,,,cpdA-fliC-,Solid
1.0,cpdA-fliC-_PaQa_solid_0_event11_tirf_RAW_Stack.tif,2795.0,255.0,255.0,255.0,39.64812,71.37478,1.0,2950.0,2773.93729,8183115.0,839.0,3746.0,1012.92435,295.28534,314.843,665.0,2523.7188,1678273.0,599.0,3746.0,1156.58575,8,0.0,265.84947,240.49988,665.0,2644.23759,1758418.0,896.0,3737.0,1061.60099,6,0.0,0.88194,,,,,,,,,cpdA-fliC-,Solid
1.0,cpdA-fliC-_PaQa_solid_0_event12_tirf_RAW_Stack.tif,4730.0,255.0,255.0,255.0,81.60085,67.26279,1.0,4966.0,2624.0533600000003,13031049.0,666.0,3749.0,1071.37307,361.68443,217.27752,861.0,2449.47967,2109002.0,537.0,3749.0,1183.6322699999998,10,0.0,260.9924,141.15031000000002,861.0,2466.6655100000003,2123799.0,642.0,3741.0,1134.77892,5,0.0,0.90632,,,,,,,,,cpdA-fliC-,Solid
2.0,cpdA-fliC-_PaQa_solid_0_event12_tirf_RAW_Stack.tif,4193.0,255.0,255.0,255.0,72.00227,55.835080000000005,1.0,4387.0,2723.94848,11949962.0,912.0,3728.0,1006.16497,288.78089,362.82325,1085.0,2488.91889,2700477.0,381.0,3698.0,1192.94218,7,0.0,213.07575,417.59864,1085.0,2607.0894,2828692.0,617.0,3728.0,1120.47496,9,0.0,0.87979,,,,,,,,,cpdA-fliC-,Solid
1.0,cpdA-fliC-_PaQa_solid_0_event13_tirf_RAW_Stack.tif,2576.0,255.0,255.0,255.0,58.97283,49.22089,1.0,2731.0,2708.61077,7397216.0,788.0,3746.0,1014.50459,415.08172,321.28054,665.0,2445.81805,1626469.0,415.0,3746.0,1199.809,11,0.0,359.55127000000005,370.30424,665.0,2593.16842,1724457.0,683.0,3734.0,1127.44355,6,0.0,0.87236,,,,,,,,,cpdA-fliC-,Solid
2.0,cpdA-fliC-_PaQa_solid_0_event13_tirf_RAW_Stack.tif,2276.0,255.0,255.0,255.0,62.63269,44.3471,1.0,2420.0,2562.87727,6202163.0,698.0,3767.0,1055.49785,188.4946,143.26513,577.0,2431.18544,1402794.0,495.0,3766.0,1183.86736,4,0.0,128.45578999999998,107.81892,577.0,2480.72617,1431379.0,779.0,3767.0,1081.45143,3,0.0,0.92317,,,,,,,,,cpdA-fliC-,Solid
1.0,cpdA-fliC-_PaQa_solid_0_event14_tirf_RAW_Stack.tif,2004.0,255.0,255.0,255.0,36.33932,58.49601,1.0,2142.0,2768.4780600000004,5930080.0,846.0,3793.0,1028.23255,160.28259,110.98763999999998,448.0,2559.93304,1146850.0,665.0,3789.0,1139.84955,7,0.0,192.86787,45.09998,448.0,2578.01786,1154952.0,593.0,3793.0,1118.47797,5,0.0,0.8822200000000001,,,,,,,,,cpdA-fliC-,Solid
1.0,cpdA-fliC-_PaQa_solid_0_event15_tirf_RAW_Stack.tif,2232.0,255.0,255.0,255.0,53.91532,47.15726,1.0,2363.0,2765.4841300000003,6534839.0,798.0,3752.0,1015.49065,326.88242,167.23848,665.0,2622.95188,1744263.0,632.0,3746.0,1112.35704,5,0.0,372.49881,200.23719,665.0,2713.02105,1804159.0,598.0,3752.0,1097.87436,2,0.0,0.92286,,,,,,,,,cpdA-fliC-,Solid
1.0,cpdA-fliC-_PaQa_solid_0_event16_tirf_RAW_Stack.tif,2960.0,255.0,255.0,255.0,52.81791,72.14695999999999,1.0,3136.0,2719.87468,8529527.0,684.0,3782.0,1071.23259,381.61918,164.48145,616.0,2447.83442,1507866.0,526.0,3779.0,1217.47936,2,0.0,330.69582,87.31052,616.0,2456.25,1513050.0,587.0,3782.0,1178.5456,8,0.0,0.8475299999999999,,,,,,,,,cpdA-fliC-,Solid
2.0,cpdA-fliC-_PaQa_solid_0_event16_tirf_RAW_Stack.tif,2797.0,255.0,255.0,255.0,35.2887,66.25545,1.0,2939.0,2902.10854,8529297.0,969.0,3770.0,967.73013,393.03413,363.25759,812.0,2575.44581,2091262.0,552.0,3770.0,1179.27891,4,0.0,369.72261,299.46549,812.0,2709.12315,2199808.0,947.0,3760.0,1054.40607,11,0.0,0.8198200000000001,,,,,,,,,cpdA-fliC-,Solid
3.0,cpdA-fliC-_PaQa_solid_0_event16_tirf_RAW_Stack.tif,2084.0,255.0,255.0,255.0,22.39299,66.48656,1.0,2206.0,3099.15956,6836746.0,1006.0,3787.0,845.4857699999999,131.00133,183.85876,489.0,2738.64213,1339196.0,585.0,3778.0,1147.92323,9,0.0,126.64295,254.9793,489.0,2818.16769,1378084.0,468.0,3787.0,1114.73398,7,0.0,0.8282299999999999,,,,,,,,,cpdA-fliC-,Solid
1.0,cpdA-fliC-_PaQa_solid_0_event5_tirf_RAW_Stack.tif,2549.0,255.0,255.0,255.0,36.71381,67.57611,1.0,2688.0,2714.31585,7296081.0,946.0,3740.0,966.4241,265.83192,281.64951,616.0,2319.34578,1428717.0,808.0,3737.0,945.79242,3,0.0,281.27358,207.37243,616.0,2485.12175,1530835.0,569.0,3740.0,1130.87721,14,0.0,0.80656,,,,,,,,,cpdA-fliC-,Solid
1.0,cpdA-fliC-_PaQa_solid_0_event7_tirf_RAW_Stack.tif,2082.0,255.0,255.0,255.0,65.7512,29.622,1.0,2207.0,2829.06343,6243743.0,1017.0,3748.0,950.04354,343.9832,333.50899,177.0,2770.7909600000003,490430.0,1057.0,3748.0,953.76409,3,0.0,269.84905,352.85452000000004,177.0,2812.16949,497754.0,975.0,3742.0,942.96996,12,0.0,0.98422,,,,,,,,,cpdA-fliC-,Solid
1.0,cpdA-fliC-_PaQa_solid_0_event8_tirf_RAW_Stack.tif,3982.0,255.0,255.0,255.0,34.90005,99.97137,1.0,4177.0,2952.35887,12332003.0,1056.0,3766.0,931.77676,442.43883,203.34643,716.0,2634.31145,1886167.0,563.0,3754.0,1100.3966,7,0.0,422.44228,321.28872,716.0,2643.32542,1892621.0,513.0,3766.0,1169.59497,4,0.0,0.84688,,,,,,,,,cpdA-fliC-,Solid
2.0,cpdA-fliC-_PaQa_solid_0_event8_tirf_RAW_Stack.tif,2553.0,255.0,255.0,255.0,50.49961,57.172540000000005,1.0,2708.0,2676.33863,7247525.0,808.0,3756.0,1031.86951,156.21719,189.3322,208.0,2316.04327,481737.0,836.0,3756.0,968.3242,2,0.0,97.5158,256.55944,208.0,2473.27885,514442.0,899.0,3750.0,1029.88681,1,0.0,0.87798,,,,,,,,,cpdA-fliC-,Solid
1.0,cpdA-fliC-_Gasket_0_event1_tirf_RAW_Stack.tif,3680.0,255.0,255.0,255.0,50.33016,51.47853,1.0,3895.0,2775.65905,10811192.0,2576.0,3027.0,82.38965999999999,257.52513,238.89512,256.0,2673.20312,684340.0,2581.0,2800.0,46.94968,3,0.0,253.25412000000003,250.47205,256.0,2690.9726600000004,688889.0,2576.0,2873.0,65.2309,5,0.0,0.96138,1.0,47.72607,106.0,72.38476999999999,76.0,,,,cpdA-fliC-,Liquid
1.0,cpdA-fliC-_Gasket_1_event1_tirf_RAW_Stack.tif,1324.0,255.0,255.0,255.0,31.47734,25.21224,1.0,1442.0,2847.20319,4105667.0,2640.0,3106.0,87.5161,417.63056,306.27964,384.0,2848.03906,1093647.0,2738.0,3072.0,87.3015,4,0.0,399.90924,314.49917,384.0,2893.19792,1110988.0,2732.0,3106.0,108.72022,1,0.0,1.01776,1.0,58.52255,132.0,2.22822,300.0,,,,cpdA-fliC-,Liquid
5.0,cpdA-fliC-_Gasket_1_event1_tirf_RAW_Stack.tif,4184.0,255.0,255.0,255.0,77.02701,28.924,1.0,4413.0,2758.16837,12171797.0,2571.0,2931.0,67.26141,326.52807,334.77073,716.0,2761.63687,1977332.0,2684.0,2856.0,38.470290000000006,6,0.0,323.95769,339.23782,716.0,2771.93017,1984702.0,2678.0,2856.0,43.25599,2,0.0,1.00463,2.0,109.12378,10.0,117.12292,37.0,,,,cpdA-fliC-,Liquid
1.0,cpdA-fliC-_Gasket_1_event10_tirf_RAW_Stack.tif,1624.0,255.0,255.0,255.0,51.168,35.935,1.0,1793.0,2803.726,5027080.0,2468.0,3242.0,176.34900000000002,331.404,350.87,208.0,2687.428,558985.0,2477.0,3124.0,171.206,2,0.0,269.04900000000004,393.322,208.0,2706.231,562896.0,2485.0,2986.0,137.518,3,0.0,0.951,1.0,,,,,,,,cpdA-fliC-,Liquid
1.0,cpdA-fliC-_Gasket_1_event11_tirf_RAW_Stack.tif,274.0,255.0,255.0,255.0,21.13869,26.84307,1.0,334.0,2760.55389,922025.0,2552.0,3051.0,111.5803,237.55247000000003,226.58335,21.0,2645.14286,55548.0,2571.0,2749.0,54.3427,4,0.0,245.81945,220.86612,21.0,2733.19048,57397.0,2659.0,2823.0,50.40895,3,0.0,0.97053,1.0,,,,,,,,cpdA-fliC-,Liquid
1.0,cpdA-fliC-_Gasket_1_event12_tirf_RAW_Stack.tif,4157.0,255.0,255.0,255.0,50.30852,34.834140000000005,1.0,4377.0,2730.20356,11950101.0,2553.0,2892.0,65.23854,283.98949,252.86776,156.0,2702.27564,421555.0,2553.0,2832.0,58.8419,5,0.0,259.54159,260.38108,156.0,2762.57692,430962.0,2601.0,2868.0,53.70469,2,0.0,1.00088,1.0,,,,,,,,cpdA-fliC-,Liquid
1.0,cpdA-fliC-_Gasket_1_event13_tirf_RAW_Stack.tif,1970.0,255.0,255.0,255.0,29.769040000000004,50.79645,1.0,2135.0,2745.64122,5861944.0,2545.0,2988.0,94.98079,329.49643,232.86774,137.0,2703.29927,370352.0,2252.0,2852.0,173.90567,4,0.0,300.59097,299.17033,137.0,2766.59124,379023.0,2661.0,2933.0,52.9887,2,0.0,0.99553,1.0,,,,,,,,cpdA-fliC-,Liquid
1.0,cpdA-fliC-_Gasket_1_event14_tirf_RAW_Stack.tif,853.0,255.0,255.0,255.0,63.77902,20.95838,1.0,988.0,2731.96559,2699182.0,2492.0,3024.0,116.3154,249.65786,320.49325,37.0,2717.86486,100561.0,2636.0,2820.0,50.99137,3,0.0,265.62715,329.57079,37.0,2720.59459,100662.0,2538.0,2843.0,89.34343,4,0.0,0.99496,1.0,,,,,,,,cpdA-fliC-,Liquid
2.0,cpdA-fliC-_Gasket_1_event14_tirf_RAW_Stack.tif,1583.0,255.0,255.0,255.0,41.16456,40.18793,1.0,1728.0,2731.61343,4720228.0,2475.0,3119.0,109.12012,301.55149,138.62458,225.0,2661.42222,598820.0,2578.0,2827.0,62.31375,0,0.0,342.02171,190.55429,225.0,2716.65333,611247.0,2578.0,2884.0,74.57292,4,0.0,0.97904,2.0,,,,,,,,cpdA-fliC-,Liquid
3.0,cpdA-fliC-_Gasket_1_event14_tirf_RAW_Stack.tif,1125.0,255.0,255.0,255.0,21.13111,26.67067,1.0,1206.0,2829.92952,3412895.0,2060.0,4095.0,538.79785,444.89829,189.63727,52.0,2583.78846,134357.0,2276.0,2825.0,157.91526000000002,2,0.0,424.53865,191.95362,52.0,2697.51923,140271.0,2551.0,2832.0,64.34329,1,0.0,0.92726,3.0,,,,,,,,cpdA-fliC-,Liquid
1.0,cpdA-fliC-_Gasket_1_event15_tirf_RAW_Stack.tif,2619.0,255.0,255.0,255.0,21.645,45.595,1.0,2761.0,2763.508,7630046.0,2576.0,2950.0,62.66,260.508,274.007,489.0,2731.546,1335726.0,2618.0,2841.0,45.337,4,0.0,253.579,278.516,489.0,2745.9390000000003,1342764.0,2618.0,2881.0,59.315,2,0.0,0.986,1.0,,,,,,,,cpdA-fliC-,Liquid
1.0,cpdA-fliC-_Gasket_1_event16_tirf_RAW_Stack.tif,1419.0,255.0,255.0,255.0,,,1.0,1517.0,2723.495,4131542.0,2290.0,3489.0,257.889,254.235,252.265,137.0,2686.701,368078.0,2469.0,3018.0,132.14,4,0.0,245.558,262.12,137.0,2782.657,381224.0,2609.0,3160.0,137.326,2,0.0,1.005,1.0,,,,,0.0,255.0,1.0,cpdA-fliC-,Liquid
1.0,cpdA-fliC-_Gasket_1_event17_tirf_RAW_Stack.tif,1949.0,255.0,255.0,255.0,,,1.0,2156.0,2750.0370000000003,5929079.0,2599.0,2956.0,63.224,306.178,280.514,69.0,2714.42,187295.0,2627.0,2780.0,36.737,7,0.0,302.601,298.67400000000004,69.0,2731.159,188450.0,2672.0,2828.0,48.25,4,0.0,0.989,1.0,,,,,0.0,255.0,1.0,cpdA-fliC-,Liquid
2.0,cpdA-fliC-_Gasket_1_event17_tirf_RAW_Stack.tif,1631.0,255.0,255.0,255.0,,,1.0,1739.0,2798.052,4865813.0,2330.0,3559.0,304.96,458.923,227.923,256.0,2864.172,733228.0,2542.0,3485.0,265.516,4,0.0,464.794,218.444,256.0,2873.391,735588.0,2543.0,3331.0,238.523,0,0.0,1.036,2.0,,,,,0.0,255.0,1.0,cpdA-fliC-,Liquid
1.0,cpdA-fliC-_Gasket_1_event18_tirf_RAW_Stack.tif,1175.0,255.0,255.0,255.0,,,1.0,1290.0,2775.055,3579821.0,2543.0,3205.0,138.986,313.207,264.322,112.0,2784.08,311817.0,2632.0,2968.0,83.36,3,0.0,305.387,265.122,112.0,2891.554,323854.0,2682.0,3046.0,95.142,2,0.0,1.027,1.0,,,,,0.0,255.0,1.0,cpdA-fliC-,Liquid
1.0,cpdA-fliC-_Gasket_1_event19_tirf_RAW_Stack.tif,1189.0,255.0,255.0,255.0,,,1.0,1328.0,2680.849,3560168.0,2506.0,2924.0,86.1,255.451,359.564,112.0,2652.357,297064.0,2548.0,2784.0,85.055,4,0.0,295.681,323.696,112.0,2683.5890000000004,300562.0,2612.0,2781.0,55.44,2,0.0,0.994,1.0,,,,,0.0,255.0,1.0,cpdA-fliC-,Liquid
1.0,cpdA-fliC-_Gasket_1_event2_tirf_RAW_Stack.tif,564.0,255.0,255.0,255.0,58.924,85.92200000000001,1.0,648.0,2692.644,1744833.0,2496.0,3163.0,127.014,265.838,224.892,37.0,2699.108,99867.0,2581.0,2848.0,85.152,4,0.0,277.66900000000004,218.345,37.0,2749.514,101732.0,2579.0,2911.0,81.593,2,0.0,1.013,1.0,72.944,90.0,55.156000000000006,146.0,,,,cpdA-fliC-,Liquid
1.0,cpdA-fliC-_Gasket_1_event20_tirf_RAW_Stack.tif,1372.0,255.0,255.0,255.0,,,1.0,1515.0,2830.043,4287515.0,2484.0,3231.0,178.665,101.319,174.737,112.0,2769.125,310142.0,2532.0,3167.0,178.46200000000002,6,0.0,99.186,213.237,112.0,2870.812,321531.0,2683.0,3077.0,104.004,3,0.0,0.996,1.0,,,,,0.0,255.0,1.0,cpdA-fliC-,Liquid
1.0,cpdA-fliC-_Gasket_1_event21_tirf_RAW_Stack.tif,2242.0,255.0,255.0,255.0,,,1.0,2389.0,2708.6090000000004,6470866.0,2397.0,3138.0,162.222,292.608,314.289,225.0,2633.316,592496.0,2452.0,3030.0,110.375,4,0.0,338.48800000000006,266.884,225.0,2762.453,621552.0,2430.0,3128.0,167.55200000000002,0,0.0,0.995,1.0,,,,,0.0,255.0,1.0,cpdA-fliC-,Liquid
1.0,cpdA-fliC-_Gasket_1_event22_tirf_RAW_Stack.tif,1442.0,255.0,255.0,255.0,,,1.0,1558.0,2724.806,4245248.0,2431.0,3048.0,137.903,208.497,439.513,156.0,2668.5,416286.0,2431.0,2991.0,182.19,3,0.0,195.073,447.735,156.0,2744.0959999999995,428079.0,2552.0,3048.0,178.31,3,0.0,0.992,1.0,,,,,0.0,255.0,1.0,cpdA-fliC-,Liquid
1.0,cpdA-fliC-_Gasket_1_event25_tirf_RAW_Stack.tif,1505.0,255.0,255.0,255.0,,,1.0,1620.0,2688.606,4355541.0,2354.0,3020.0,128.575,282.842,188.405,225.0,2623.9640000000004,590392.0,2453.0,2885.0,108.391,4,0.0,266.357,245.064,225.0,2731.871,614671.0,2595.0,2914.0,99.78,2,0.0,0.995,1.0,,,,,0.0,255.0,1.0,cpdA-fliC-,Liquid
1.0,cpdA-fliC-_Gasket_1_event3_tirf_RAW_Stack.tif,1243.0,255.0,255.0,255.0,43.413920000000005,29.855590000000003,1.0,1346.0,2824.97474,3802416.0,2565.0,3163.0,114.41989,144.61379,147.79876000000002,156.0,2765.07051,431351.0,2589.0,3005.0,129.49466,5,0.0,128.08217,155.23101,156.0,2825.00641,440701.0,2565.0,3078.0,124.57875,2,0.0,0.98625,1.0,44.50218,128.0,27.91256,206.0,,,,cpdA-fliC-,Liquid
6.0,cpdA-fliC-_Gasket_1_event3_tirf_RAW_Stack.tif,746.0,255.0,255.0,255.0,23.50402,15.24397,1.0,1689.0,2802.72291,4733799.0,2642.0,2940.0,61.35559,152.0155,362.51323,112.0,2832.04464,317189.0,2782.0,2892.0,31.3183,4,0.0,159.81785,365.15782,112.0,2836.9375,317737.0,2803.0,2902.0,22.71733,1,0.0,1.01309,2.0,52.56953000000001,19.0,36.22768,1.0,,,,cpdA-fliC-,Liquid
1.0,cpdA-fliC-_Gasket_1_event4_tirf_RAW_Stack.tif,272.0,255.0,255.0,255.0,29.44118,39.06618,1.0,343.0,2755.87755,945266.0,2515.0,2982.0,119.95665,226.00923,150.76236,52.0,2796.53846,145420.0,2705.0,2901.0,52.61084,5,0.0,252.97625,122.15705,52.0,2911.25,151385.0,2789.0,2986.0,57.93907,2,0.0,1.05185,1.0,,,,,,,,cpdA-fliC-,Liquid
2.0,cpdA-fliC-_Gasket_1_event4_tirf_RAW_Stack.tif,1869.0,255.0,255.0,255.0,58.59577,24.09337,1.0,1994.0,2749.9664,5483433.0,2476.0,3076.0,115.93779,327.20103,297.96121,293.0,2681.34812,785635.0,2490.0,2887.0,103.85733,3,0.0,271.97304,302.75629,293.0,2743.88737,803959.0,2530.0,2914.0,103.00857,0,0.0,0.98087,2.0,,,,,,,,cpdA-fliC-,Liquid
1.0,cpdA-fliC-_Gasket_1_event5_tirf_RAW_Stack.tif,1204.0,255.0,255.0,255.0,46.797340000000005,21.93854,1.0,1302.0,2909.30415,3787914.0,2652.0,3210.0,127.18574,192.30824,311.59847,112.0,2797.75893,313349.0,2652.0,2968.0,99.30518,5,0.0,202.26502,304.1675,112.0,2887.46429,323396.0,2698.0,3095.0,119.76523,0,0.0,0.97244,1.0,98.7072,5.0,,,,,,cpdA-fliC-,Liquid
1.0,cpdA-fliC-_Gasket_1_event6_tirf_RAW_Stack.tif,739.0,255.0,255.0,255.0,,,1.0,859.0,2658.2270000000003,2283417.0,2189.0,3283.0,248.83900000000003,270.251,168.046,21.0,2717.7140000000004,57072.0,2605.0,2917.0,93.097,6,0.0,282.221,173.25799999999998,21.0,2853.619,59926.0,2721.0,3051.0,108.379,2,0.0,1.051,1.0,52.818000000000005,11.0,116.176,79.0,0.0,255.0,1.0,cpdA-fliC-,Liquid
12.0,cpdA-fliC-_Gasket_1_event6_tirf_RAW_Stack.tif,1389.0,255.0,255.0,255.0,,,1.0,1529.0,2745.6420000000003,4198087.0,2480.0,3282.0,118.95,365.23800000000006,274.536,448.0,2782.6090000000004,1246609.0,2528.0,3282.0,143.336,3,0.0,364.201,267.476,448.0,2799.808,1254314.0,2545.0,3282.0,140.378,0,0.0,1.041,2.0,0.0,0.0,0.0,0.0,0.0,255.0,1.0,cpdA-fliC-,Liquid
1.0,cpdA-fliC-_Gasket_1_event8_tirf_RAW_Stack.tif,1227.0,255.0,255.0,255.0,45.37123,36.72168,1.0,1369.0,2736.81958,3746706.0,2280.0,3130.0,140.29983,362.37188,231.55077000000003,177.0,2763.78531,489190.0,2618.0,2948.0,73.23646,4,0.0,374.49421,233.07565,177.0,2798.71751,495373.0,2627.0,2960.0,103.58253,1,0.0,1.0220200000000002,1.0,64.2253,300.0,73.32424,300.0,,,,cpdA-fliC-,Liquid
2.0,cpdA-fliC-_Gasket_1_event8_tirf_RAW_Stack.tif,2005.0,255.0,255.0,255.0,45.72444,51.31696,1.0,2152.0,2807.88848,6042576.0,2536.0,3136.0,142.96878999999998,127.34432,401.98951,349.0,2771.47278,967244.0,2561.0,3135.0,136.87492,5,0.0,172.66688,345.63966,349.0,2847.92837,993927.0,2600.0,3112.0,134.91493,3,0.0,1.00096,2.0,86.84597,1.0,100.6755,163.0,,,,cpdA-fliC-,Liquid
2.0,cpdA-fliC-_Gasket_1_event9_tirf_RAW_Stack.tif,142.0,255.0,255.0,255.0,20.16197,29.23239,1.0,186.0,2805.1129,521751.0,2602.0,3050.0,127.37675,162.89023,233.50302,32.0,2691.65625,86133.0,2603.0,2864.0,71.92631,4,0.0,168.60116000000002,231.69154,32.0,2836.40625,90765.0,2688.0,2997.0,98.90721,2,0.0,0.97784,1.0,,,,,,,,cpdA-fliC-,Liquid
2.0,cpdA-fliC-_Gasket_2_event1_tirf_RAW_Stack.tif,516.0,255.0,255.0,255.0,28.7655,45.75,1.0,629.0,2612.32909,1643155.0,2421.0,2800.0,83.37488,282.90994,315.06075,69.0,2561.86957,176769.0,2428.0,2642.0,63.21507,1,0.0,304.77886,298.16081,69.0,2688.37681,185498.0,2604.0,2739.0,37.727,1,0.0,1.0062799999999998,1.0,,,,,,,,cpdA-fliC-,Liquid
1.0,cpdA-fliC-_Gasket_2_event11_tirf_RAW_Stack.tif,514.0,255.0,255.0,255.0,21.48833,70.38327,1.0,585.0,2783.90085,1628582.0,2561.0,3074.0,110.40381,219.37906,320.22827,69.0,2756.3913,190191.0,2569.0,2896.0,100.97295,1,0.0,201.51426,314.42854,69.0,2775.4782600000003,191508.0,2651.0,2877.0,67.63388,3,0.0,0.99157,1.0,,,,,,,,cpdA-fliC-,Liquid
1.0,cpdA-fliC-_Gasket_2_event12_tirf_RAW_Stack.tif,1646.0,255.0,255.0,255.0,,,1.0,3858.0,2714.889,10474041.0,2392.0,3079.0,109.016,187.756,272.047,577.0,2739.87,1580905.0,2536.0,3006.0,111.004,4,0.0,195.505,271.013,577.0,2783.948,1606338.0,2601.0,3006.0,92.185,1,0.0,1.025,1.0,,,,,0.0,255.0,1.0,cpdA-fliC-,Liquid
1.0,cpdA-fliC-_Gasket_2_event13_tirf_RAW_Stack.tif,2361.0,255.0,255.0,255.0,,,1.0,2506.0,2735.211,6854438.0,2477.0,3080.0,118.296,264.749,233.798,384.0,2618.021,1005320.0,2477.0,2832.0,93.111,3,0.0,271.776,219.087,384.0,2785.117,1069485.0,2526.0,2909.0,76.71600000000001,1,0.0,0.982,1.0,,,,,0.0,255.0,1.0,cpdA-fliC-,Liquid
1.0,cpdA-fliC-_Gasket_2_event14_tirf_RAW_Stack.tif,5162.0,255.0,255.0,255.0,,,1.0,5341.0,2728.482,14572822.0,2446.0,3036.0,116.871,300.136,133.784,1201.0,2689.7540000000004,3230395.0,2510.0,2919.0,75.775,4,0.0,300.272,160.707,1201.0,2708.737,3253193.0,2476.0,2911.0,96.031,4,0.0,0.981,1.0,,,,,0.0,255.0,1.0,cpdA-fliC-,Liquid
1.0,cpdA-fliC-_Gasket_2_event15_tirf_RAW_Stack.tif,2980.0,255.0,255.0,255.0,,,1.0,3155.0,2720.608,8583517.0,2415.0,3384.0,160.352,289.083,411.34,616.0,2673.938,1647146.0,2415.0,3219.0,150.191,3,0.0,283.257,415.576,616.0,2713.865,1671741.0,2415.0,3219.0,148.916,2,0.0,0.984,1.0,,,,,0.0,255.0,1.0,cpdA-fliC-,Liquid
1.0,cpdA-fliC-_Gasket_2_event16_tirf_RAW_Stack.tif,635.0,255.0,255.0,255.0,,,1.0,1347.0,2690.909,3624654.0,2488.0,2906.0,81.63,269.879,327.596,80.0,2564.5,205160.0,2488.0,2684.0,39.846,2,0.0,260.041,333.524,80.0,2678.387,214271.0,2613.0,2782.0,39.568000000000005,1,0.0,0.971,1.0,,,,,0.0,255.0,1.0,cpdA-fliC-,Liquid
1.0,cpdA-fliC-_Gasket_2_event17_tirf_RAW_Stack.tif,273.0,255.0,255.0,255.0,,,1.0,751.0,2689.469,2019791.0,2560.0,2809.0,55.678,294.564,267.726,69.0,2716.783,187458.0,2649.0,2771.0,47.042,3,0.0,290.145,282.687,69.0,2760.116,190448.0,2686.0,2824.0,39.23,3,0.0,1.022,1.0,,,,,0.0,255.0,1.0,cpdA-fliC-,Liquid
1.0,cpdA-fliC-_Gasket_2_event18_tirf_RAW_Stack.tif,955.0,255.0,255.0,255.0,32.27906,34.6288,1.0,1035.0,2836.81836,2936107.0,2138.0,4017.0,453.33066,378.04893,381.83378,97.0,2619.7732,254118.0,2342.0,2977.0,183.78319,4,0.0,393.24691,365.86396,97.0,2674.83505,259459.0,2355.0,3076.0,209.47383,3,0.0,0.91903,1.0,,,,,,,,cpdA-fliC-,Liquid
1.0,cpdA-fliC-_Gasket_2_event19_tirf_RAW_Stack.tif,810.0,255.0,255.0,255.0,50.33,30.322,1.0,930.0,2340.973,2177105.0,2176.0,2538.0,79.828,144.238,240.177,97.0,2338.588,226843.0,2214.0,2475.0,68.544,3,0.0,156.53,261.273,97.0,2397.814,232588.0,2238.0,2519.0,90.665,0,0.0,1.015,1.0,,,,,,,,cpdA-fliC-,Liquid
2.0,cpdA-fliC-_Gasket_2_event19_tirf_RAW_Stack.tif,0.0,0.0,0.0,0.0,0.0,0.0,1.0,2431.0,2472.675,6011072.0,1688.0,3207.0,288.571,327.375,291.844,256.0,2363.508,605058.0,2145.0,2555.0,139.141,4,0.0,321.471,301.207,256.0,2547.777,652231.0,2145.0,3133.0,297.013,2,0.0,0.991,2.0,,,,,,,,cpdA-fliC-,Liquid
1.0,cpdA-fliC-_Gasket_2_event2_tirf_RAW_Stack.tif,803.0,255.0,255.0,255.0,19.78892,49.64446,1.0,887.0,2641.98196,2343438.0,2320.0,3243.0,191.90037,259.6187,317.18992000000003,69.0,2450.89855,169112.0,2320.0,2624.0,83.75299,4,0.0,263.1481,298.47188,69.0,2494.85507,172145.0,2357.0,2657.0,100.38972,2,0.0,0.92508,1.0,,,,,,,,cpdA-fliC-,Liquid
2.0,cpdA-fliC-_Gasket_2_event2_tirf_RAW_Stack.tif,610.0,255.0,255.0,255.0,39.33279,53.02786999999999,1.0,674.0,2642.89021,1781308.0,1857.0,3007.0,247.7644,420.1176,465.41171,137.0,2541.27737,348155.0,2086.0,2950.0,236.13253,5,0.0,421.51443,438.00064,137.0,2688.16058,368278.0,2457.0,2952.0,138.1322,2,0.0,0.98217,2.0,,,,,,,,cpdA-fliC-,Liquid
1.0,cpdA-fliC-_Gasket_2_event20_tirf_RAW_Stack.tif,654.0,255.0,255.0,255.0,,,1.0,757.0,2709.386,2051005.0,2541.0,2928.0,84.574,257.04900000000004,303.368,52.0,2682.327,139481.0,2541.0,2819.0,78.59100000000001,2,0.0,260.201,284.097,52.0,2746.673,142827.0,2660.0,2844.0,50.646,1,0.0,1.002,1.0,,,,,0.0,255.0,1.0,cpdA-fliC-,Liquid
1.0,cpdA-fliC-_Gasket_2_event21_tirf_RAW_Stack.tif,2138.0,255.0,255.0,255.0,,,1.0,2280.0,2728.77,6221596.0,2398.0,3277.0,208.609,256.396,381.239,256.0,2711.758,694210.0,2398.0,3273.0,218.645,2,0.0,209.796,410.258,256.0,2739.402,701287.0,2490.0,3126.0,167.04,2,0.0,0.998,1.0,47.675,300.0,,,0.0,255.0,1.0,cpdA-fliC-,Liquid
1.0,cpdA-fliC-_Gasket_2_event22_tirf_RAW_Stack.tif,1331.0,255.0,255.0,255.0,,,1.0,1499.0,2702.27,4050702.0,2483.0,2939.0,97.944,193.231,355.55800000000005,80.0,2678.5,214280.0,2589.0,2811.0,60.093,2,0.0,169.98,347.445,80.0,2783.062,222645.0,2686.0,2886.0,50.157,2,0.0,1.012,1.0,,,,,0.0,255.0,1.0,cpdA-fliC-,Liquid
2.0,cpdA-fliC-_Gasket_2_event22_tirf_RAW_Stack.tif,826.0,255.0,255.0,255.0,,,1.0,1497.0,2754.823,4123970.0,2513.0,2985.0,98.672,183.054,218.32,69.0,2685.406,185293.0,2610.0,2728.0,33.637,1,0.0,165.562,218.199,69.0,2736.449,188815.0,2620.0,2866.0,74.157,1,0.0,0.982,2.0,,,,,0.0,255.0,1.0,cpdA-fliC-,Liquid
1.0,cpdA-fliC-_Gasket_2_event24_tirf_RAW_Stack.tif,270.0,255.0,255.0,255.0,,,1.0,313.0,2618.61,819625.0,2203.0,2892.0,201.133,342.75699999999995,237.365,69.0,2652.072,182993.0,2217.0,2869.0,187.545,3,0.0,339.284,240.884,69.0,2740.884,189121.0,2230.0,2892.0,152.158,2,0.0,1.054,1.0,,,,,0.0,255.0,1.0,cpdA-fliC-,Liquid
1.0,cpdA-fliC-_Gasket_2_event25_tirf_RAW_Stack.tif,1133.0,255.0,255.0,255.0,30.66328,31.2564,1.0,1230.0,2651.36016,3261173.0,2430.0,3021.0,114.05147,274.52396,283.12255,97.0,2643.93814,256462.0,2451.0,2764.0,99.51725,3,0.0,268.50589,292.29956,97.0,2660.82474,258100.0,2562.0,2779.0,69.68366,2,0.0,1.00046,1.0,,,,,,,,cpdA-fliC-,Liquid
1.0,cpdA-fliC-_Gasket_2_event27_tirf_RAW_Stack.tif,2771.0,255.0,255.0,255.0,37.68044,43.98971,1.0,2942.0,2644.52447,7780191.0,2091.0,3303.0,202.06654,277.53911,291.33757,293.0,2668.2116,781786.0,2497.0,3119.0,114.12636,2,0.0,286.44935,286.65747000000005,293.0,2686.4198,787121.0,2397.0,3303.0,199.2157,3,0.0,1.0155299999999998,1.0,,,,,,,,cpdA-fliC-,Liquid
1.0,cpdA-fliC-_Gasket_2_event29_tirf_RAW_Stack.tif,1089.0,255.0,255.0,255.0,46.05923,32.08494,1.0,1208.0,2701.30464,3263176.0,2563.0,2904.0,82.85166,288.6948,276.83097000000004,52.0,2707.90385,140811.0,2621.0,2817.0,64.09131,1,0.0,261.67169,237.9397,52.0,2729.88462,141954.0,2634.0,2834.0,50.47098,4,0.0,1.00713,1.0,,,,,,,,cpdA-fliC-,Liquid
1.0,cpdA-fliC-_Gasket_2_event30_tirf_RAW_Stack.tif,1438.0,255.0,255.0,255.0,,,1.0,1640.0,2814.187,4615267.0,2648.0,2947.0,61.752,162.51,248.159,69.0,2759.348,190395.0,2706.0,2817.0,33.701,0,0.0,154.85,272.65,69.0,2879.7540000000004,198703.0,2832.0,2925.0,24.401,0,0.0,1.002,1.0,,,,,0.0,255.0,1.0,cpdA-fliC-,Liquid
1.0,cpdA-fliC-_Gasket_2_event31_tirf_RAW_Stack.tif,155.0,255.0,255.0,255.0,,,1.0,186.0,2839.866,528215.0,2657.0,2994.0,88.79799999999999,300.643,332.55800000000005,69.0,2819.087,194517.0,2655.0,2943.0,98.268,3,0.0,291.454,326.303,69.0,2840.812,196016.0,2688.0,2994.0,90.882,2,0.0,0.987,1.0,,,,,0.0,255.0,1.0,cpdA-fliC-,Liquid
1.0,cpdA-fliC-_Gasket_2_event32_tirf_RAW_Stack.tif,899.0,255.0,255.0,255.0,,,1.0,982.0,2761.006,2711308.0,2543.0,3007.0,103.628,159.116,128.33700000000002,112.0,2720.125,304654.0,2621.0,2939.0,82.62200000000001,3,0.0,153.499,165.362,112.0,2809.518,314666.0,2710.0,2934.0,60.417,3,0.0,1.002,1.0,,,,,0.0,255.0,1.0,cpdA-fliC-,Liquid
1.0,cpdA-fliC-_Gasket_2_event35_tirf_RAW_Stack.tif,2472.0,255.0,255.0,255.0,,,1.0,2661.0,2779.187,7395417.0,2483.0,3115.0,114.991,219.426,433.974,177.0,2645.864,468318.0,2509.0,2931.0,96.166,2,0.0,281.957,392.51,177.0,2839.712,502629.0,2600.0,3042.0,111.904,2,0.0,0.985,1.0,,,,,0.0,255.0,1.0,cpdA-fliC-,Liquid
1.0,cpdA-fliC-_Gasket_2_event36_tirf_RAW_Stack.tif,870.0,255.0,255.0,255.0,,,1.0,981.0,2896.0840000000003,2841058.0,2675.0,3139.0,99.955,198.508,335.297,112.0,2853.071,319544.0,2762.0,2960.0,47.832,3,0.0,168.67,371.287,112.0,2925.455,327651.0,2716.0,3125.0,127.795,2,0.0,0.997,1.0,,,,,0.0,255.0,1.0,cpdA-fliC-,Liquid
2.0,cpdA-fliC-_Gasket_2_event36_tirf_RAW_Stack.tif,284.0,255.0,255.0,255.0,,,1.0,361.0,2779.2940000000003,1003325.0,2654.0,2942.0,71.49600000000001,293.613,365.61300000000006,21.0,2763.952,58043.0,2668.0,2848.0,55.383,3,0.0,330.095,395.746,21.0,2825.286,59331.0,2763.0,2909.0,46.117,2,0.0,1.006,2.0,,,,,0.0,255.0,1.0,cpdA-fliC-,Liquid
1.0,cpdA-fliC-_Gasket_2_event37_tirf_RAW_Stack.tif,2038.0,255.0,255.0,255.0,,,1.0,2169.0,2725.226,5911015.0,2558.0,2996.0,74.829,212.387,206.254,225.0,2625.991,590848.0,2558.0,2786.0,54.465,1,0.0,210.34,211.742,225.0,2627.4,591165.0,2558.0,2773.0,50.661,0,0.0,0.955,1.0,,,,,0.0,255.0,1.0,cpdA-fliC-,Liquid
1.0,cpdA-fliC-_Gasket_2_event38_tirf_RAW_Stack.tif,3458.0,255.0,255.0,255.0,,,1.0,3603.0,1927.04,6943125.0,1784.0,2052.0,46.571000000000005,264.113,300.582,156.0,1855.103,289396.0,1784.0,1953.0,46.008,4,0.0,262.954,342.532,156.0,1884.744,294020.0,1809.0,1953.0,37.931,1,0.0,0.968,1.0,,,,,0.0,255.0,1.0,cpdA-fliC-,Liquid
1.0,cpdA-fliC-_Gasket_2_event39_tirf_RAW_Stack.tif,198.0,255.0,255.0,255.0,,,1.0,235.0,2886.8340000000003,678406.0,2678.0,3279.0,144.076,164.317,288.583,37.0,2822.135,104419.0,2678.0,2980.0,87.238,2,0.0,156.827,271.968,37.0,2856.9190000000003,105706.0,2751.0,2920.0,53.592,1,0.0,0.976,1.0,,,,,0.0,255.0,1.0,cpdA-fliC-,Liquid
2.0,cpdA-fliC-_Gasket_2_event4_tirf_RAW_Stack.tif,0.0,0.0,0.0,0.0,0.0,0.0,1.0,258.0,2620.298,676037.0,2195.0,2943.0,232.52,342.44300000000004,239.076,21.0,2766.5240000000003,58097.0,2628.0,2879.0,64.569,3,0.0,330.75,225.75,21.0,2827.476,59377.0,2705.0,2943.0,86.991,2,0.0,1.082,1.0,,,,,,,,cpdA-fliC-,Liquid
1.0,cpdA-fliC-_Gasket_2_event40_tirf_RAW_Stack.tif,205.0,255.0,255.0,255.0,,,1.0,270.0,2689.522,726171.0,2521.0,2830.0,82.148,256.355,232.659,21.0,2541.238,53366.0,2521.0,2604.0,20.792,3,0.0,265.119,223.562,21.0,2671.238,56096.0,2620.0,2715.0,31.724,1,0.0,0.964,1.0,,,,,0.0,255.0,1.0,cpdA-fliC-,Liquid
1.0,cpdA-fliC-_Gasket_2_event41_tirf_RAW_Stack.tif,1460.0,255.0,255.0,255.0,,,1.0,1600.0,2814.507,4503211.0,2521.0,3136.0,145.058,124.737,312.414,177.0,2761.4970000000003,488785.0,2577.0,2953.0,105.082,3,0.0,140.701,285.676,177.0,2892.079,511898.0,2674.0,3112.0,126.167,3,0.0,1.006,1.0,,,,,0.0,255.0,1.0,cpdA-fliC-,Liquid
1.0,cpdA-fliC-_Gasket_2_event44_tirf_RAW_Stack.tif,3075.0,255.0,255.0,255.0,,,1.0,3225.0,2720.361,8773164.0,2590.0,2873.0,49.797,317.265,303.132,177.0,2732.181,483596.0,2633.0,2825.0,43.467,2,0.0,315.073,346.111,177.0,2753.469,487364.0,2696.0,2796.0,26.031,0,0.0,1.009,1.0,,,,,0.0,255.0,1.0,cpdA-fliC-,Liquid
2.0,cpdA-fliC-_Gasket_2_event44_tirf_RAW_Stack.tif,551.0,255.0,255.0,255.0,,,1.0,616.0,2780.813,1712981.0,1828.0,4095.0,707.2539999999999,393.657,284.072,52.0,2334.635,121401.0,1996.0,2710.0,221.379,4,0.0,394.295,271.421,52.0,2738.3459999999995,142394.0,1979.0,3983.0,546.694,1,0.0,0.8959999999999999,2.0,,,,,0.0,255.0,1.0,cpdA-fliC-,Liquid
1.0,cpdA-fliC-_Gasket_2_event45_tirf_RAW_Stack.tif,1497.0,255.0,255.0,255.0,,,1.0,1675.0,2733.615,4578805.0,2460.0,2911.0,93.969,220.631,211.121,32.0,2781.031,88993.0,2697.0,2839.0,45.31100000000001,3,0.0,229.819,207.058,32.0,2783.344,89067.0,2721.0,2854.0,41.863,3,0.0,1.018,1.0,,,,,0.0,255.0,1.0,cpdA-fliC-,Liquid
1.0,cpdA-fliC-_Gasket_2_event5_tirf_RAW_Stack.tif,295.0,255.0,255.0,255.0,19.71695,45.13729,1.0,359.0,2776.06964,996609.0,2514.0,3183.0,164.89338999999998,190.06089,232.44926,52.0,2756.63462,143345.0,2609.0,2886.0,91.1577,4,0.0,182.0018,257.30665,52.0,2783.51923,144743.0,2510.0,3160.0,205.34099,2,0.0,0.99696,1.0,,,,,,,,cpdA-fliC-,Liquid
1.0,cpdA-fliC-_Gasket_2_event7_tirf_RAW_Stack.tif,1393.0,255.0,255.0,255.0,19.73116,39.32986,1.0,1535.0,2666.4873,4093058.0,2214.0,3016.0,186.35091,67.89536,281.94075,69.0,2666.86957,184014.0,2512.0,2775.0,82.4728,5,0.0,111.18511,266.21431,69.0,2733.71014,188626.0,2632.0,2905.0,83.7988,2,0.0,1.01395,1.0,,,,,,,,cpdA-fliC-,Liquid
2.0,cpdA-fliC-_Gasket_2_event7_tirf_RAW_Stack.tif,1564.0,255.0,255.0,255.0,52.31586,48.34271,1.0,1776.0,2657.0996600000003,4719009.0,2345.0,2940.0,111.83029,355.53524,207.34075,37.0,2614.27027,96728.0,2567.0,2752.0,46.12101,2,0.0,407.31356,147.48713999999998,37.0,2745.18919,101572.0,2662.0,2803.0,40.52012,0,0.0,1.00889,2.0,,,,,,,,cpdA-fliC-,Liquid
1.0,cpdA-fliC-_Gasket_2_event8_tirf_RAW_Stack.tif,950.0,255.0,255.0,255.0,33.28105,42.34842,1.0,1061.0,1984.02168,2105047.0,1802.0,2114.0,70.55884,156.57567,251.19143,156.0,1996.48077,311451.0,1907.0,2114.0,57.25703000000001,4,0.0,160.6486,245.10572,156.0,2045.90385,319161.0,1956.0,2114.0,35.6209,2,0.0,1.02675,1.0,,,,,,,,cpdA-fliC-,Liquid
1.0,cpdA-fliC-_Gasket_2_event9_tirf_RAW_Stack.tif,561.0,255.0,255.0,255.0,,,1.0,635.0,1274.592,809366.0,1067.0,1482.0,94.28,251.767,248.363,69.0,1210.565,83529.0,1164.0,1306.0,32.871,2,0.0,274.06,230.909,69.0,1336.812,92240.0,1229.0,1433.0,55.231,2,0.0,0.999,1.0,,,,,0.0,255.0,1.0,cpdA-fliC-,Liquid
1.0,pilG-cpdA-fliC-_1hsol_ Gasket_0_event4_tirf_RAW_Stack.tif,1259.0,255.0,255.0,255.0,28.291,43.873000000000005,1.0,1352.0,2660.428,3596898.0,2326.0,3163.0,192.769,370.486,375.21,112.0,2588.241,289883.0,2437.0,2762.0,96.364,0,0.0,369.091,370.786,112.0,2624.491,293943.0,2460.0,2892.0,107.803,0,0.0,0.976,1.0,,,,,,,,pilG-cpdA-fliC-,Solid
2.0,pilG-cpdA-fliC-_1hsol_ Gasket_0_event4_tirf_RAW_Stack.tif,0.0,0.0,0.0,0.0,0.0,0.0,1.0,1380.0,2495.488,3443773.0,2258.0,2834.0,133.394,166.645,93.572,421.0,2477.824,1043164.0,2258.0,2834.0,150.328,0,0.0,182.633,134.70600000000002,421.0,2520.368,1061075.0,2324.0,2743.0,114.346,0,0.0,1.004,2.0,,,,,,,,pilG-cpdA-fliC-,Solid
1.0,pilG-cpdA-fliC-_1hsol_ Gasket_0_event5_tirf_RAW_Stack.tif,2455.0,255.0,255.0,255.0,,,1.0,2580.0,2242.468,5785568.0,2044.0,2508.0,93.077,234.365,244.676,256.0,2224.527,569479.0,2078.0,2508.0,98.646,0,0.0,188.886,258.673,256.0,2243.645,574373.0,2089.0,2463.0,107.145,0,0.0,0.995,1.0,,,,,0.0,255.0,1.0,pilG-cpdA-fliC-,Solid
1.0,pilG-cpdA-fliC-_1hsol_ Gasket_0_event6_tirf_RAW_Stack.tif,1836.0,255.0,255.0,255.0,,,1.0,1972.0,2306.165,4547758.0,1974.0,2695.0,169.079,418.535,292.289,137.0,2264.737,310269.0,2108.0,2382.0,75.107,0,0.0,422.124,281.828,137.0,2319.007,317704.0,2192.0,2493.0,80.39,0,0.0,0.993,1.0,,,,,0.0,255.0,1.0,pilG-cpdA-fliC-,Solid
1.0,pilG-cpdA-fliC-_1hsol_ Gasket_0_event7_tirf_RAW_Stack.tif,2075.0,255.0,255.0,255.0,,,1.0,2214.0,2304.215,5101532.0,2083.0,2614.0,104.361,283.741,351.88199999999995,316.0,2285.506,722220.0,2127.0,2592.0,118.989,0,0.0,291.47700000000003,342.074,316.0,2312.506,730752.0,2127.0,2544.0,77.361,0,0.0,0.997,1.0,,,,,0.0,255.0,1.0,pilG-cpdA-fliC-,Solid
1.0,pilG-cpdA-fliC-_1hsol_ Gasket_0_event8_tirf_RAW_Stack.tif,1042.0,255.0,255.0,255.0,,,1.0,1145.0,2120.803,2428319.0,1977.0,2327.0,69.991,305.916,258.897,225.0,2092.667,470850.0,1977.0,2242.0,77.60300000000001,0,0.0,325.754,309.233,225.0,2113.844,475615.0,2000.0,2327.0,86.723,0,0.0,0.986,1.0,,,,,0.0,255.0,1.0,pilG-cpdA-fliC-,Solid
1.0,pilG-cpdA-fliC-_1hsol_ Gasket_0_event9_tirf_RAW_Stack.tif,1498.0,255.0,255.0,255.0,48.33511,24.56943,1.0,1598.0,2694.82353,4306328.0,2467.0,2935.0,92.81459,287.03754,277.0713,69.0,2640.0,182160.0,2557.0,2804.0,53.53476,0,0.0,282.11799,263.22212,69.0,2721.4782600000003,187782.0,2637.0,2809.0,47.87717,0,0.0,0.99428,1.0,,,,,,,,pilG-cpdA-fliC-,Solid
1.0,pilG-cpdA-fliC-_2hsol_ Gasket_0_event12_tirf_RAW_Stack.tif,1453.0,255.0,255.0,255.0,,,1.0,1564.0,2685.651,4200358.0,2408.0,3233.0,195.477,282.845,225.82,256.0,2676.465,685175.0,2421.0,3052.0,170.61,1,0.0,261.026,274.678,256.0,2716.496,695423.0,2496.0,3233.0,213.399,1,0.0,1.006,1.0,82.462,5.0,35.075,20.0,0.0,255.0,1.0,pilG-cpdA-fliC-,Solid
1.0,pilG-cpdA-fliC-_2hsol_ Gasket_0_event16_tirf_RAW_Stack.tif,1316.0,255.0,255.0,255.0,,,1.0,1410.0,2739.7340000000004,3863025.0,2481.0,3122.0,113.774,276.039,258.099,208.0,2702.418,562103.0,2496.0,2929.0,108.934,0,0.0,290.565,254.347,208.0,2718.125,565370.0,2481.0,3033.0,148.405,0,0.0,0.985,1.0,,,,,0.0,255.0,1.0,pilG-cpdA-fliC-,Solid
1.0,pilG-cpdA-fliC-_2hsol_ Gasket_0_event17_tirf_RAW_Stack.tif,80.0,255.0,255.0,255.0,,,1.0,417.0,3162.475,1318752.0,2981.0,3376.0,98.799,276.79,251.326,80.0,3093.637,247491.0,2987.0,3234.0,69.445,2,0.0,292.52,259.441,80.0,3197.425,255794.0,3126.0,3292.0,49.769,1,0.0,0.991,1.0,26.675,1.0,28.503,1.0,0.0,255.0,1.0,pilG-cpdA-fliC-,Solid
1.0,pilG-cpdA-fliC-_2hsol_ Gasket_0_event2_tirf_RAW_Stack.tif,1531.0,255.0,255.0,255.0,30.5614,46.539190000000005,1.0,1638.0,2586.40171,4236526.0,2205.0,3582.0,267.36678,273.08888,154.80342,448.0,2534.24107,1135340.0,2205.0,3251.0,203.08362,1,0.0,279.13001,178.34208,448.0,2615.08482,1171558.0,2211.0,3582.0,300.38124,4,0.0,0.99004,1.0,33.05215,1.0,62.514,10.0,,,,pilG-cpdA-fliC-,Solid
5.0,pilG-cpdA-fliC-_2hsol_ Gasket_0_event2_tirf_RAW_Stack.tif,1413.0,255.0,255.0,255.0,28.57148,49.916140000000006,1.0,1529.0,2811.13669,4298228.0,2440.0,3694.0,254.39947,428.21314,104.69702,52.0,2643.80769,137478.0,2546.0,2770.0,72.63176999999999,3,0.0,417.46891,105.2824,52.0,2723.30769,141612.0,2590.0,3191.0,152.16664,2,0.0,0.95147,2.0,44.56705,221.0,57.24412,189.0,,,,pilG-cpdA-fliC-,Solid
1.0,pilG-cpdA-fliC-_2hsol_ Gasket_0_event3_tirf_RAW_Stack.tif,,,,,,,1.0,618.0,2654.647,1640572.0,2421.0,3072.0,140.523,252.215,279.936,37.0,2585.541,95665.0,2526.0,2682.0,46.87,0,0.0,265.448,292.129,37.0,2737.757,101297.0,2661.0,2782.0,30.708,3,0.0,1.003,1.0,,,25.807,1.0,,,,pilG-cpdA-fliC-,Solid
1.0,pilG-cpdA-fliC-_2hsol_ Gasket_0_event6_tirf_RAW_Stack.tif,3238.0,255.0,255.0,255.0,,,1.0,3429.0,2606.939,8939195.0,2211.0,3601.0,246.401,355.975,378.956,616.0,2618.674,1613103.0,2311.0,3022.0,184.031,2,0.0,393.54,300.415,616.0,2681.24,1651644.0,2249.0,3601.0,309.4,2,0.0,1.026,1.0,63.53,143.0,76.956,143.0,0.0,255.0,1.0,pilG-cpdA-fliC-,Solid
1.0,pilG-cpdA-fliC-_2hsol_ Gasket_0_event7_tirf_RAW_Stack.tif,1896.0,255.0,255.0,255.0,,,1.0,2034.0,2586.7960000000003,5261544.0,2248.0,3150.0,199.76,143.86700000000002,491.324,208.0,2461.688,512031.0,2314.0,2882.0,89.845,1,0.0,85.148,439.249,208.0,2686.7070000000003,558835.0,2482.0,3150.0,186.19,1,0.0,0.994,1.0,39.609,85.0,51.863,222.0,0.0,255.0,1.0,pilG-cpdA-fliC-,Solid
2.0,pilG-cpdA-fliC-_2hsol_ Gasket_0_event7_tirf_RAW_Stack.tif,1263.0,255.0,255.0,255.0,,,1.0,1362.0,2813.496,3831981.0,2497.0,3351.0,189.69,194.899,281.533,225.0,2756.667,620250.0,2566.0,3122.0,129.485,1,0.0,222.626,247.749,225.0,2837.84,638514.0,2585.0,3351.0,227.55900000000003,1,0.0,0.991,2.0,0.0,0.0,29.242,11.0,0.0,255.0,1.0,pilG-cpdA-fliC-,Solid
1.0,pilG-cpdA-fliC-_2hsol_ Gasket_0_event8_tirf_RAW_Stack.tif,1562.0,255.0,255.0,255.0,,,1.0,1693.0,2769.659,4689033.0,2488.0,3213.0,162.618,307.173,265.55,52.0,2660.692,138356.0,2561.0,2796.0,80.995,2,0.0,309.798,221.71400000000003,52.0,2903.038,150958.0,2685.0,3093.0,112.6,2,0.0,1.005,1.0,39.319,108.0,44.407,1.0,0.0,255.0,1.0,pilG-cpdA-fliC-,Solid
1.0,pilG-cpdA-fliC-_3hsol_ Gasket_0_event1_tirf_RAW_Stack.tif,2030.0,255.0,255.0,255.0,46.47438,47.4601,1.0,2175.0,2659.07678,5783492.0,2380.0,3174.0,184.40403,350.80091,313.69216,421.0,2670.79572,1124405.0,2411.0,3076.0,174.91977,3,0.0,386.87008,269.77827,421.0,2676.35867,1126747.0,2448.0,3102.0,188.89054,2,0.0,1.00893,1.0,26.549740000000003,1.0,44.31202,1.0,,,,pilG-cpdA-fliC-,Solid
1.0,pilG-cpdA-fliC-_3hsol_ Gasket_0_event11_tirf_RAW_Stack.tif,1478.0,255.0,255.0,255.0,,,1.0,1627.0,2605.481,4239117.0,2191.0,3203.0,189.942,338.283,261.421,208.0,2513.077,522720.0,2312.0,2873.0,145.86,1,0.0,356.246,255.935,208.0,2574.192,535432.0,2284.0,2863.0,173.959,1,0.0,0.968,1.0,143.97299999999998,145.0,32.14,147.0,0.0,255.0,1.0,pilG-cpdA-fliC-,Solid
1.0,pilG-cpdA-fliC-_3hsol_ Gasket_0_event2_tirf_RAW_Stack.tif,2067.0,255.0,255.0,255.0,29.213,73.712,1.0,2226.0,2669.8590000000004,5943107.0,2317.0,3058.0,141.202,281.872,301.383,384.0,2688.958,1032560.0,2439.0,3058.0,142.3,3,0.0,290.329,268.624,384.0,2714.703,1042446.0,2504.0,2929.0,119.261,4,0.0,1.018,1.0,136.317,1.0,37.997,1.0,,,,pilG-cpdA-fliC-,Solid
1.0,pilG-cpdA-fliC-_3hsol_ Gasket_0_event6_tirf_RAW_Stack.tif,1514.0,255.0,255.0,255.0,,,1.0,1680.0,2731.493,4588908.0,2455.0,2976.0,95.684,182.368,260.163,137.0,2663.752,364934.0,2576.0,2966.0,72.67699999999999,4,0.0,142.455,167.91400000000002,137.0,2687.628,368205.0,2553.0,2906.0,100.891,5,0.0,0.976,1.0,59.959,2.0,24.777,2.0,0.0,255.0,1.0,pilG-cpdA-fliC-,Solid
1.0,pilG-cpdA-fliC-_3hsol_ Gasket_0_event8_tirf_RAW_Stack.tif,2459.0,255.0,255.0,255.0,,,1.0,2644.0,2707.269,7158020.0,2368.0,3074.0,150.493,223.233,470.686,177.0,2606.831,461409.0,2368.0,3003.0,201.194,4,0.0,225.643,404.925,177.0,2729.237,483075.0,2530.0,3021.0,149.08700000000002,5,0.0,0.983,1.0,36.868,8.0,155.329,8.0,0.0,255.0,1.0,pilG-cpdA-fliC-,Solid
1.0,pilG-cpdA-fliC-_Gasket_0_event1_tirf_RAW_Stack.tif,1627.0,255.0,255.0,255.0,23.304,54.283,1.0,1733.0,2843.903,4928484.0,2433.0,3796.0,213.886,258.55,345.72900000000004,156.0,2727.3459999999995,425466.0,2433.0,3563.0,226.496,0,0.0,244.859,348.32199999999995,156.0,2892.6220000000003,451249.0,2538.0,3796.0,349.806,0,0.0,0.985,1.0,,,,,,,,pilG-cpdA-fliC-,Liquid
1.0,pilG-cpdA-fliC-_Gasket_0_event2_tirf_RAW_Stack.tif,1256.0,255.0,255.0,255.0,,,1.0,1445.0,2895.015,4183297.0,2401.0,3437.0,173.55,328.06800000000004,258.427,52.0,2769.077,143992.0,2671.0,2969.0,72.57300000000001,0,0.0,339.521,256.237,52.0,2778.173,144465.0,2689.0,2920.0,61.452,0,0.0,0.955,1.0,,,,,0.0,255.0,1.0,pilG-cpdA-fliC-,Liquid
1.0,pilG-cpdA-fliC-_Gasket_0_event3_tirf_RAW_Stack.tif,1595.0,255.0,255.0,255.0,,,1.0,1717.0,2969.153,5098035.0,2670.0,3367.0,157.435,248.467,425.961,177.0,2856.452,505592.0,2736.0,3331.0,126.253,2,0.0,239.356,429.463,177.0,2891.2940000000003,511759.0,2716.0,3331.0,169.141,2,0.0,0.96,1.0,,,,,0.0,255.0,1.0,pilG-cpdA-fliC-,Liquid
1.0,pilG-cpdA-fliC-_Gasket_1_event10_tirf_RAW_Stack.tif,2283.0,255.0,255.0,255.0,,,1.0,2434.0,2669.947,6498652.0,2281.0,3462.0,221.604,122.256,406.279,256.0,2545.996,651775.0,2281.0,3024.0,183.737,1,0.0,107.813,411.562,256.0,2551.539,653194.0,2294.0,2852.0,167.821,1,0.0,0.943,1.0,,,,,0.0,255.0,1.0,pilG-cpdA-fliC-,Liquid
1.0,pilG-cpdA-fliC-_Gasket_1_event13_tirf_RAW_Stack.tif,1626.0,255.0,255.0,255.0,,,1.0,1736.0,2680.238,4652893.0,2393.0,3238.0,185.141,173.96900000000002,171.453,293.0,2665.474,780984.0,2428.0,3095.0,160.44799999999998,1,0.0,159.994,186.152,293.0,2692.041,788768.0,2421.0,3238.0,189.657,1,0.0,0.999,1.0,,,,,0.0,255.0,1.0,pilG-cpdA-fliC-,Liquid
1.0,pilG-cpdA-fliC-_Gasket_1_event14_tirf_RAW_Stack.tif,1275.0,255.0,255.0,255.0,,,1.0,1377.0,2634.1620000000003,3627241.0,2348.0,2975.0,123.087,256.322,232.407,177.0,2527.232,447320.0,2348.0,2761.0,118.125,2,0.0,262.564,223.574,177.0,2636.7290000000003,466701.0,2378.0,2905.0,151.335,0,0.0,0.974,1.0,,,,,0.0,255.0,1.0,pilG-cpdA-fliC-,Liquid
1.0,pilG-cpdA-fliC-_Gasket_1_event15_tirf_RAW_Stack.tif,1226.0,255.0,255.0,255.0,,,1.0,1321.0,2600.105,3434739.0,2390.0,2862.0,98.705,246.222,283.606,80.0,2504.988,200399.0,2414.0,2615.0,53.005,1,0.0,236.778,264.584,80.0,2606.475,208518.0,2534.0,2685.0,43.698,0,0.0,0.981,1.0,,,,,0.0,255.0,1.0,pilG-cpdA-fliC-,Liquid
1.0,pilG-cpdA-fliC-_Gasket_1_event17_tirf_RAW_Stack.tif,1352.0,255.0,255.0,255.0,,,1.0,1476.0,2742.951,4048596.0,2295.0,3625.0,322.54900000000004,87.71600000000001,139.113,208.0,2631.837,547422.0,2341.0,2858.0,153.64700000000002,1,0.0,99.258,119.854,208.0,2640.668,549259.0,2418.0,3467.0,236.959,1,0.0,0.947,1.0,,,,,0.0,255.0,1.0,pilG-cpdA-fliC-,Liquid
1.0,pilG-cpdA-fliC-_Gasket_1_event19_tirf_RAW_Stack.tif,3079.0,255.0,255.0,255.0,,,1.0,3264.0,2764.815,9024356.0,2377.0,3425.0,209.306,256.072,328.12300000000005,616.0,2719.651,1675305.0,2503.0,3192.0,163.826,1,0.0,247.512,338.48400000000004,616.0,2770.193,1706439.0,2526.0,3184.0,170.16400000000002,1,0.0,0.988,1.0,,,,,0.0,255.0,1.0,pilG-cpdA-fliC-,Liquid
2.0,pilG-cpdA-fliC-_Gasket_1_event19_tirf_RAW_Stack.tif,1966.0,255.0,255.0,255.0,,,1.0,2098.0,2762.8720000000003,5796505.0,2432.0,3336.0,176.956,181.045,268.084,80.0,2651.0370000000003,212083.0,2453.0,2823.0,101.563,1,0.0,169.42,270.691,80.0,2738.438,219075.0,2644.0,2861.0,58.81100000000001,1,0.0,0.973,2.0,,,,,0.0,255.0,1.0,pilG-cpdA-fliC-,Liquid
1.0,pilG-cpdA-fliC-_Gasket_1_event2_tirf_RAW_Stack.tif,1674.0,255.0,255.0,255.0,20.198,59.668,1.0,1790.0,2654.432,4751433.0,2344.0,3307.0,194.398,241.239,325.601,577.0,2653.821,1531255.0,2344.0,3307.0,232.586,1,0.0,249.525,323.347,577.0,2669.934,1540552.0,2344.0,3307.0,222.229,1,0.0,1.008,1.0,,,,,,,,pilG-cpdA-fliC-,Liquid
1.0,pilG-cpdA-fliC-_Gasket_1_event3_tirf_RAW_Stack.tif,347.0,255.0,255.0,255.0,,,1.0,401.0,2606.062,1045031.0,2402.0,2917.0,119.794,228.374,228.286,112.0,2592.357,290344.0,2413.0,2872.0,116.933,1,0.0,231.358,223.11900000000003,112.0,2598.616,291045.0,2413.0,2783.0,128.18,1,0.0,0.991,1.0,,,,,0.0,255.0,1.0,pilG-cpdA-fliC-,Liquid
2.0,pilG-cpdA-fliC-_Gasket_1_event3_tirf_RAW_Stack.tif,2706.0,255.0,255.0,255.0,,,1.0,2888.0,2619.081,7563905.0,2156.0,3339.0,212.96,341.858,236.144,37.0,2511.0,92907.0,2221.0,2707.0,168.05200000000002,1,0.0,366.656,171.99200000000002,37.0,2599.595,96185.0,2480.0,2719.0,72.985,0,0.0,0.975,2.0,,,,,0.0,255.0,1.0,pilG-cpdA-fliC-,Liquid
1.0,pilG-cpdA-fliC-_Gasket_1_event4_tirf_RAW_Stack.tif,1773.0,255.0,255.0,255.0,,,1.0,1936.0,2616.905,5066328.0,2420.0,2860.0,82.266,271.769,301.572,316.0,2608.38,824248.0,2467.0,2809.0,66.672,2,0.0,287.4,300.567,316.0,2612.839,825657.0,2475.0,2860.0,74.94800000000001,1,0.0,0.996,1.0,,,,,0.0,255.0,1.0,pilG-cpdA-fliC-,Liquid
1.0,pilG-cpdA-fliC-_Gasket_1_event5_tirf_RAW_Stack.tif,307.0,255.0,255.0,255.0,,,1.0,362.0,2571.514,930888.0,2392.0,2799.0,109.488,274.563,265.371,52.0,2560.115,133126.0,2405.0,2695.0,88.811,0,0.0,298.238,254.337,52.0,2670.327,138857.0,2508.0,2799.0,79.494,0,0.0,1.024,1.0,,,,,0.0,255.0,1.0,pilG-cpdA-fliC-,Liquid
1.0,pilG-cpdA-fliC-_Gasket_1_event6_tirf_RAW_Stack.tif,555.0,255.0,255.0,255.0,,,1.0,642.0,2615.9210000000003,1679421.0,2452.0,2866.0,83.20299999999999,250.332,275.333,32.0,2595.844,83067.0,2551.0,2648.0,28.65,1,0.0,249.173,283.945,32.0,2669.0,85408.0,2609.0,2719.0,33.126,0,0.0,1.007,1.0,,,,,0.0,255.0,1.0,pilG-cpdA-fliC-,Liquid
2.0,pilG-cpdA-fliC-_Gasket_1_event6_tirf_RAW_Stack.tif,1582.0,255.0,255.0,255.0,,,1.0,1698.0,2635.143,4474472.0,2418.0,2832.0,67.115,321.472,252.21400000000003,112.0,2633.786,294984.0,2567.0,2701.0,30.268,0,0.0,325.591,243.638,112.0,2654.625,297318.0,2594.0,2688.0,20.441,0,0.0,1.004,2.0,,,,,0.0,255.0,1.0,pilG-cpdA-fliC-,Liquid
1.0,pilG-cpdA-fliC-_Gasket_1_event7_tirf_RAW_Stack.tif,1639.0,255.0,255.0,255.0,,,1.0,1765.0,2621.4970000000003,4626943.0,2403.0,2919.0,110.531,129.343,175.153,80.0,2626.1,210088.0,2509.0,2752.0,60.167,1,0.0,150.297,191.905,80.0,2671.825,213746.0,2492.0,2821.0,104.325,1,0.0,1.012,1.0,,,,,0.0,255.0,1.0,pilG-cpdA-fliC-,Liquid
1.0,pilG-cpdA-fliC-_Gasket_1_event8_tirf_RAW_Stack.tif,7933.0,255.0,255.0,255.0,,,1.0,34327.0,2672.542,91740361.0,1784.0,3859.0,327.112,252.454,103.724,52.0,2253.192,117166.0,2161.0,2451.0,74.399,2,0.0,271.019,71.751,52.0,2756.25,143325.0,2630.0,2822.0,50.306,0,0.0,0.937,1.0,,,,,0.0,255.0,1.0,pilG-cpdA-fliC-,Liquid
1.0,pilG-cpdA-fliC-_Gasket_2_event1_tirf_RAW_Stack.tif,941.0,255.0,255.0,255.0,36.04516,37.70616,1.0,1033.0,2663.07744,2750959.0,2394.0,2886.0,112.40156,154.78022,208.04389,52.0,2629.48077,136733.0,2560.0,2706.0,41.109840000000005,2,0.0,161.99108,207.58483,52.0,2721.23077,141504.0,2635.0,2824.0,43.88917,1,0.0,1.00513,1.0,,,,,,,,pilG-cpdA-fliC-,Liquid
1.0,pilG-cpdA-fliC-_Gasket_2_event16_tirf_RAW_Stack.tif,248.0,255.0,255.0,255.0,,,1.0,403.0,2713.511,1093545.0,2227.0,3073.0,223.196,329.486,331.967,1885.0,2772.695,5226531.0,2599.0,3073.0,70.692,1,0.0,331.833,331.853,1885.0,2773.647,5228324.0,2599.0,3073.0,70.694,1,0.0,0.997,1.0,,,,,0.0,255.0,1.0,pilG-cpdA-fliC-,Liquid
1.0,pilG-cpdA-fliC-_Gasket_2_event17_tirf_RAW_Stack.tif,578.0,255.0,255.0,255.0,,,1.0,671.0,2641.9390000000003,1772741.0,2448.0,2926.0,102.593,299.965,189.542,32.0,2640.438,84494.0,2583.0,2737.0,43.547,2,0.0,294.043,221.633,32.0,2716.094,86915.0,2620.0,2814.0,59.8,2,0.0,1.015,1.0,,,,,0.0,255.0,1.0,pilG-cpdA-fliC-,Liquid
1.0,pilG-cpdA-fliC-_Gasket_2_event18_tirf_RAW_Stack.tif,1321.0,255.0,255.0,255.0,,,1.0,1476.0,2863.8990000000003,4227115.0,2596.0,3242.0,127.061,381.458,381.042,80.0,2808.188,224655.0,2757.0,2897.0,33.247,2,0.0,363.037,384.461,80.0,2898.363,231869.0,2811.0,2952.0,36.863,2,0.0,0.996,1.0,,,,,0.0,255.0,1.0,pilG-cpdA-fliC-,Liquid
1.0,pilG-cpdA-fliC-_Gasket_2_event19_tirf_RAW_Stack.tif,677.0,255.0,255.0,255.0,,,1.0,759.0,2944.756,2235070.0,2758.0,3203.0,89.624,357.81699999999995,329.689,69.0,2920.725,201530.0,2789.0,3112.0,86.571,1,0.0,372.96,316.485,69.0,2976.884,205405.0,2883.0,3079.0,50.395,1,0.0,1.002,1.0,,,,,0.0,255.0,1.0,pilG-cpdA-fliC-,Liquid
1.0,pilG-cpdA-fliC-_Gasket_2_event2_tirf_RAW_Stack.tif,1370.0,255.0,255.0,255.0,,,1.0,1477.0,2735.388,4040168.0,2336.0,3479.0,231.47,107.757,279.96,177.0,2760.785,488659.0,2487.0,3475.0,238.87,1,0.0,89.20700000000001,227.74400000000003,177.0,2768.802,490078.0,2571.0,3139.0,159.07399999999998,1,0.0,1.014,1.0,,,,,0.0,255.0,1.0,pilG-cpdA-fliC-,Liquid
1.0,pilG-cpdA-fliC-_Gasket_2_event21_tirf_RAW_Stack.tif,1106.0,255.0,255.0,255.0,,,1.0,1289.0,3216.417,4145962.0,2989.0,3469.0,100.884,249.906,293.183,37.0,3226.1620000000003,119368.0,3097.0,3301.0,49.272,1,0.0,272.226,288.032,37.0,3307.054,122361.0,3163.0,3404.0,76.45,1,0.0,1.017,1.0,,,,,0.0,255.0,1.0,pilG-cpdA-fliC-,Liquid
1.0,pilG-cpdA-fliC-_Gasket_2_event22_tirf_RAW_Stack.tif,1447.0,255.0,255.0,255.0,,,1.0,1553.0,3194.051,4960361.0,2836.0,3960.0,206.182,197.978,347.319,69.0,3086.986,213002.0,2959.0,3230.0,71.244,1,0.0,203.59,343.834,69.0,3120.087,215286.0,2975.0,3271.0,81.166,2,0.0,0.969,1.0,,,0.912,1.0,0.0,255.0,1.0,pilG-cpdA-fliC-,Liquid
1.0,pilG-cpdA-fliC-_Gasket_2_event23_tirf_RAW_Stack.tif,3719.0,255.0,255.0,255.0,,,1.0,3912.0,2993.965,11712393.0,2520.0,3557.0,173.063,441.0630000000001,120.855,80.0,2930.7,234456.0,2852.0,3049.0,53.927,1,0.0,443.296,177.205,80.0,2935.625,234850.0,2810.0,3072.0,66.172,1,0.0,0.979,1.0,,,,,0.0,255.0,1.0,pilG-cpdA-fliC-,Liquid
1.0,pilG-cpdA-fliC-_Gasket_2_event24_tirf_RAW_Stack.tif,940.0,255.0,255.0,255.0,,,1.0,1070.0,3113.8720000000003,3331843.0,2894.0,3288.0,90.055,249.18400000000003,312.431,80.0,3040.85,243268.0,2912.0,3151.0,73.929,2,0.0,278.784,264.454,80.0,3115.45,249236.0,3001.0,3217.0,74.985,1,0.0,0.987,1.0,,,,,0.0,255.0,1.0,pilG-cpdA-fliC-,Liquid
1.0,pilG-cpdA-fliC-_Gasket_2_event25_tirf_RAW_Stack.tif,789.0,255.0,255.0,255.0,,,1.0,902.0,2988.97,2696051.0,2654.0,3361.0,163.442,310.71,173.312,80.0,2843.975,227518.0,2745.0,3116.0,83.34700000000001,2,0.0,298.693,149.21200000000002,80.0,3088.238,247059.0,2986.0,3241.0,70.461,2,0.0,0.991,1.0,,,,,0.0,255.0,1.0,pilG-cpdA-fliC-,Liquid
1.0,pilG-cpdA-fliC-_Gasket_2_event27_tirf_RAW_Stack.tif,1320.0,255.0,255.0,255.0,,,1.0,1430.0,3021.808,4321186.0,2752.0,3543.0,137.178,221.737,343.728,52.0,3006.115,156318.0,2886.0,3072.0,47.638000000000005,1,0.0,211.80900000000003,325.603,52.0,3056.9040000000005,158959.0,2931.0,3150.0,55.83,1,0.0,1.003,1.0,,,,,0.0,255.0,1.0,pilG-cpdA-fliC-,Liquid
1.0,pilG-cpdA-fliC-_Gasket_2_event28_tirf_RAW_Stack.tif,1809.0,255.0,255.0,255.0,,,1.0,1939.0,3146.902,6101843.0,2816.0,3565.0,163.405,287.80400000000003,161.441,97.0,2942.732,285445.0,2816.0,3129.0,59.603,2,0.0,278.764,166.611,97.0,3055.381,296372.0,2935.0,3166.0,55.984,2,0.0,0.948,1.0,,,,,0.0,255.0,1.0,pilG-cpdA-fliC-,Liquid
1.0,pilG-cpdA-fliC-_Gasket_2_event29_tirf_RAW_Stack.tif,1537.0,255.0,255.0,255.0,,,1.0,1712.0,3076.061,5266216.0,2865.0,3323.0,101.034,251.672,200.484,177.0,2981.023,527641.0,2874.0,3073.0,56.87,1,0.0,190.12,236.162,177.0,3010.831,532917.0,2923.0,3088.0,42.699,1,0.0,0.967,1.0,,,,,0.0,255.0,1.0,pilG-cpdA-fliC-,Liquid
1.0,pilG-cpdA-fliC-_Gasket_2_event32_tirf_RAW_Stack.tif,3660.0,255.0,255.0,255.0,,,1.0,3828.0,3045.429,11657903.0,2360.0,3860.0,302.519,277.71,191.909,156.0,2885.224,450095.0,2689.0,3595.0,233.452,1,0.0,280.406,172.888,156.0,2996.032,467381.0,2717.0,3225.0,105.983,1,0.0,0.963,1.0,,,,,0.0,255.0,1.0,pilG-cpdA-fliC-,Liquid
1.0,pilG-cpdA-fliC-_Gasket_2_event33_tirf_RAW_Stack.tif,509.0,255.0,255.0,255.0,,,1.0,1847.0,3006.253,5552549.0,2289.0,3856.0,349.564,107.942,132.192,97.0,2710.454,262914.0,2581.0,3033.0,110.858,2,0.0,100.115,157.744,97.0,2766.052,268307.0,2543.0,2945.0,85.73,1,0.0,0.901,1.0,,,,,0.0,255.0,1.0,pilG-cpdA-fliC-,Liquid
3.0,pilG-cpdA-fliC-_Gasket_2_event33_tirf_RAW_Stack.tif,1931.0,255.0,255.0,255.0,,,1.0,2208.0,2974.103,6566819.0,2657.0,3483.0,167.273,245.326,460.077,69.0,3046.551,210212.0,2798.0,3300.0,155.944,1,0.0,241.438,453.031,69.0,3138.304,216543.0,3064.0,3261.0,45.28,2,0.0,1.043,2.0,,,,,0.0,255.0,1.0,pilG-cpdA-fliC-,Liquid
1.0,pilG-cpdA-fliC-_Gasket_2_event37_tirf_RAW_Stack.tif,898.0,255.0,255.0,255.0,,,1.0,1043.0,2794.618,2914787.0,2428.0,3255.0,161.711,184.949,276.996,52.0,2855.3459999999995,148478.0,2752.0,2990.0,62.92,2,0.0,185.695,269.642,52.0,2959.75,153907.0,2860.0,3018.0,43.256,1,0.0,1.045,1.0,,,,,0.0,255.0,1.0,pilG-cpdA-fliC-,Liquid
1.0,pilG-cpdA-fliC-_Gasket_2_event39_tirf_RAW_Stack.tif,1430.0,255.0,255.0,255.0,,,1.0,1549.0,2806.03,4346540.0,2563.0,3117.0,132.714,292.091,406.96,80.0,2742.438,219395.0,2632.0,2899.0,61.567,1,0.0,273.885,420.421,80.0,2746.05,219684.0,2648.0,2961.0,90.315,1,0.0,0.976,1.0,,,,,0.0,255.0,1.0,pilG-cpdA-fliC-,Liquid
2.0,pilG-cpdA-fliC-_Gasket_2_event39_tirf_RAW_Stack.tif,521.0,255.0,255.0,255.0,,,1.0,10874.0,2354.1620000000003,25599154.0,0.0,4076.0,1024.52,339.797,89.31,5957.0,2727.103,16245353.0,2273.0,3837.0,147.592,2,0.0,345.525,71.415,5957.0,2736.8990000000003,16303707.0,2168.0,3837.0,203.905,1,0.0,0.409,2.0,,,,,0.0,255.0,1.0,pilG-cpdA-fliC-,Liquid
1.0,pilG-cpdA-fliC-_Gasket_2_event4_tirf_RAW_Stack.tif,471.0,255.0,255.0,255.0,,,1.0,535.0,2714.755,1452394.0,2414.0,3320.0,189.972,318.19,154.231,69.0,2569.623,177304.0,2460.0,2690.0,67.347,0,0.0,310.219,177.72299999999998,69.0,2702.507,186473.0,2453.0,3320.0,229.909,1,0.0,0.961,1.0,,,,,0.0,255.0,1.0,pilG-cpdA-fliC-,Liquid
1.0,pilG-cpdA-fliC-_Gasket_2_event40_tirf_RAW_Stack.tif,2056.0,255.0,255.0,255.0,,,1.0,2199.0,2685.25,5904865.0,2378.0,3228.0,147.118,225.656,299.789,489.0,2683.4990000000003,1312231.0,2447.0,3228.0,150.07,1,0.0,271.627,347.941,489.0,2694.401,1317562.0,2401.0,3128.0,148.395,2,0.0,1.002,1.0,,,,,0.0,255.0,1.0,pilG-cpdA-fliC-,Liquid
1.0,pilG-cpdA-fliC-_Gasket_2_event41_tirf_RAW_Stack.tif,3539.0,255.0,255.0,255.0,,,1.0,3704.0,2770.723,10262757.0,2163.0,3702.0,325.703,314.666,405.444,137.0,2671.197,365954.0,2410.0,3346.0,213.61,1,0.0,287.382,416.473,137.0,2872.869,393583.0,2708.0,3165.0,134.01,0,0.0,1.001,1.0,,,,,0.0,255.0,1.0,pilG-cpdA-fliC-,Liquid
1.0,pilG-cpdA-fliC-_Gasket_2_event5_tirf_RAW_Stack.tif,2845.0,255.0,255.0,255.0,,,1.0,3009.0,2759.942,8304665.0,2424.0,3387.0,185.497,352.435,326.612,225.0,2676.738,602266.0,2424.0,3077.0,122.051,0,0.0,414.781,276.269,225.0,2751.889,619175.0,2577.0,2972.0,75.032,1,0.0,0.981,1.0,,,,,0.0,255.0,1.0,pilG-cpdA-fliC-,Liquid
1.0,pilG-cpdA-fliC-_Gasket_2_event6_tirf_RAW_Stack.tif,1753.0,255.0,255.0,255.0,,,1.0,1887.0,2839.758,5358623.0,2228.0,3808.0,390.709,139.754,167.465,156.0,2670.724,416633.0,2357.0,3251.0,175.426,1,0.0,153.047,165.718,156.0,3029.699,472633.0,2585.0,3719.0,313.35400000000004,0,0.0,1.004,1.0,,,,,0.0,255.0,1.0,pilG-cpdA-fliC-,Liquid
1.0,pilG-cpdA-fliC-_Gasket_2_event9_tirf_RAW_Stack.tif,1031.0,255.0,255.0,255.0,,,1.0,1151.0,2774.467,3193411.0,2542.0,3083.0,134.734,195.096,236.325,208.0,2726.087,567026.0,2593.0,3070.0,98.565,1,0.0,208.426,214.891,208.0,2808.76,584222.0,2610.0,3079.0,143.937,1,0.0,0.996,1.0,,,,,0.0,255.0,1.0,pilG-cpdA-fliC-,Liquid
1.0,pilG-cpdA-fliC-_liq_ Gasket_0_event1_tirf_RAW_Stack.tif,1415.0,255.0,255.0,255.0,40.1,26.449,1.0,1522.0,2704.198,4115790.0,2417.0,3379.0,214.502,364.655,180.13099999999997,80.0,2554.312,204345.0,2434.0,2788.0,90.441,1,0.0,380.983,179.92,80.0,2624.725,209978.0,2501.0,2739.0,67.91,0,0.0,0.953,1.0,39.609,9.0,,,,,,pilG-cpdA-fliC-,Liquid
9.0,pilG-cpdA-fliC-_liq_ Gasket_0_event1_tirf_RAW_Stack.tif,0.0,0.0,0.0,0.0,0.0,0.0,1.0,3964.0,2683.837,10638731.0,2285.0,3564.0,226.221,293.152,311.128,489.0,2688.742,1314795.0,2464.0,2940.0,113.98,0,0.0,295.988,304.046,489.0,2725.577,1332807.0,2492.0,2940.0,97.77,0,0.0,1.012,2.0,0.0,0.0,,,,,,pilG-cpdA-fliC-,Liquid
1.0,pilG-cpdA-fliC-_liq_ Gasket_0_event2_tirf_RAW_Stack.tif,1781.0,255.0,255.0,255.0,,,1.0,1894.0,2694.688,5103739.0,2353.0,3260.0,189.311,342.431,280.768,225.0,2723.5690000000004,612803.0,2419.0,3187.0,211.101,0,0.0,326.141,333.099,225.0,2727.867,613770.0,2488.0,3260.0,205.045,0,0.0,1.015,1.0,,,,,0.0,255.0,1.0,pilG-cpdA-fliC-,Liquid
1.0,pilG-cpdA-fliC-_liq_ Gasket_2_event1_tirf_RAW_Stack.tif,2365.0,255.0,255.0,255.0,31.01797,70.41205,1.0,2507.0,2797.02034,7012130.0,2565.0,3191.0,140.64665,211.11286,262.0639,316.0,2795.57911,883403.0,2617.0,3045.0,119.98091,0,0.0,232.25146,341.57733,316.0,2805.69304,886599.0,2601.0,3191.0,162.45577,0,0.0,1.00173,1.0,,,,,,,,pilG-cpdA-fliC-,Liquid
1.0,pilG-cpdA-fliC-_liq_ Gasket_2_event10_tirf_RAW_Stack.tif,1943.0,255.0,255.0,255.0,28.97658,45.84328,1.0,2056.0,2767.99562,5690999.0,2431.0,3266.0,166.59408,298.09228,289.46345,112.0,2706.92857,303176.0,2580.0,2991.0,77.69259,0,0.0,316.55066,242.33173,112.0,2783.70536,311775.0,2612.0,3089.0,116.04796,0,0.0,0.99081,1.0,,,,,,,,pilG-cpdA-fliC-,Liquid
1.0,pilG-cpdA-fliC-_liq_ Gasket_2_event2_tirf_RAW_Stack.tif,1807.0,255.0,255.0,255.0,23.13143,67.67709,1.0,1954.0,2843.60952,5556413.0,2546.0,3296.0,167.23845,234.19868,79.11716,137.0,2714.45985,371881.0,2589.0,3065.0,121.27254,0,0.0,221.52396,49.35302,137.0,2956.48175,405038.0,2628.0,3182.0,139.5566,0,0.0,0.99667,1.0,,,,,,,,pilG-cpdA-fliC-,Liquid
2.0,pilG-cpdA-fliC-_liq_ Gasket_2_event2_tirf_RAW_Stack.tif,1725.0,255.0,255.0,255.0,25.63159,50.70232,1.0,1837.0,2768.68917,5086082.0,2480.0,3303.0,169.35121999999998,336.75844,337.3948,225.0,2799.72889,629939.0,2549.0,3303.0,226.33036,0,0.0,327.76047,340.73626,225.0,2836.26222,638159.0,2532.0,3303.0,220.27324,0,0.0,1.02372,2.0,,,,,,,,pilG-cpdA-fliC-,Liquid
1.0,pilG-cpdA-fliC-_liq_ Gasket_2_event3_tirf_RAW_Stack.tif,2545.0,255.0,255.0,255.0,52.52436,48.489,1.0,2701.0,2734.38097,7385563.0,2504.0,3102.0,125.90124,271.99559,345.21968,716.0,2732.46648,1956446.0,2508.0,3086.0,122.66042,0,0.0,316.09377,396.28897,716.0,2751.42039,1970017.0,2527.0,3102.0,130.23572,0,0.0,1.00591,1.0,,,,,,,,pilG-cpdA-fliC-,Liquid
2.0,pilG-cpdA-fliC-_liq_ Gasket_2_event3_tirf_RAW_Stack.tif,1964.0,255.0,255.0,255.0,37.40122,23.47301,1.0,2072.0,2740.43581,5678183.0,2348.0,3499.0,199.76971,155.54832,204.15459,32.0,2713.9375,86846.0,2670.0,2759.0,29.02828,0,0.0,119.11891,174.33955,32.0,2728.28125,87305.0,2691.0,2749.0,17.5522,0,0.0,0.99272,2.0,,,,,,,,pilG-cpdA-fliC-,Liquid
1.0,pilG-cpdA-fliC-_liq_ Gasket_2_event4_tirf_RAW_Stack.tif,1820.0,255.0,255.0,255.0,25.72582,45.17033,1.0,1931.0,2674.55981,5164575.0,2392.0,3444.0,180.72112,292.88561,357.31514,489.0,2707.38037,1323909.0,2506.0,3036.0,114.96692,0,0.0,275.40331000000003,309.57907,489.0,2712.07566,1326205.0,2444.0,3444.0,235.3808,0,0.0,1.02701,1.0,,,,,,,,pilG-cpdA-fliC-,Liquid
2.0,pilG-cpdA-fliC-_liq_ Gasket_2_event4_tirf_RAW_Stack.tif,2559.0,255.0,255.0,255.0,34.2628,54.49766,1.0,2713.0,2781.61629,7546525.0,2443.0,3323.0,169.69579,208.91271,215.78064,716.0,2769.1201100000003,1982690.0,2444.0,3160.0,168.77803,0,0.0,218.50727,197.62197,716.0,2783.65223,1993095.0,2443.0,3197.0,189.78193,0,0.0,0.99603,2.0,,,,,,,,pilG-cpdA-fliC-,Liquid
3.0,pilG-cpdA-fliC-_liq_ Gasket_2_event4_tirf_RAW_Stack.tif,1682.0,255.0,255.0,255.0,25.26219,43.42806,1.0,1784.0,2724.12164,4859833.0,2461.0,3307.0,190.67354,137.86565,187.85883,384.0,2656.61979,1020142.0,2514.0,2830.0,68.32392,0,0.0,133.02983999999998,230.49249,384.0,2783.0364600000003,1068686.0,2534.0,3128.0,164.87232,0,0.0,0.99724,3.0,,,,,,,,pilG-cpdA-fliC-,Liquid
1.0,pilG-cpdA-fliC-_liq_ Gasket_2_event5_tirf_RAW_Stack.tif,1707.0,255.0,255.0,255.0,29.00674,52.26391,1.0,1819.0,2749.92633,5002116.0,2503.0,3141.0,150.2651,245.71736,245.55721,384.0,2742.74219,1053213.0,2519.0,2966.0,93.05272,0,0.0,230.21839,295.05665,384.0,2784.90104,1069402.0,2533.0,3141.0,144.80137,0,0.0,1.00878,1.0,,,,,,,,pilG-cpdA-fliC-,Liquid
1.0,pilG-cpdA-fliC-_liq_ Gasket_2_event6_tirf_RAW_Stack.tif,3489.0,255.0,255.0,255.0,45.83907,38.98237,1.0,3698.0,2769.87669,10243004.0,2537.0,3119.0,102.37774,322.86766,314.70831,812.0,2770.84236,2249924.0,2590.0,3119.0,108.98985,0,0.0,320.82026,315.98147,812.0,2771.50862,2250465.0,2590.0,3119.0,109.08337,0,0.0,1.00084,1.0,,,,,,,,pilG-cpdA-fliC-,Liquid
2.0,pilG-cpdA-fliC-_liq_ Gasket_2_event6_tirf_RAW_Stack.tif,1906.0,255.0,255.0,255.0,53.91081,29.99475,1.0,2034.0,2810.48181,5716520.0,2575.0,3134.0,125.27017,151.6015,131.77444,208.0,2773.91346,576974.0,2644.0,2976.0,95.81152,0,0.0,100.45227,158.43892,208.0,2826.85577,587986.0,2686.0,3115.0,106.1389,0,0.0,0.99549,2.0,,,,,,,,pilG-cpdA-fliC-,Liquid
1.0,pilG-cpdA-fliC-_liq_ Gasket_2_event7_tirf_RAW_Stack.tif,3264.0,255.0,255.0,255.0,34.53248,64.75214,1.0,3424.0,2762.39106,9458427.0,2382.0,3444.0,215.37712,378.08633,229.26594,912.0,2764.80592,2521503.0,2448.0,3139.0,179.15821,0,0.0,363.33755,298.16964,912.0,2820.66009,2572442.0,2472.0,3444.0,219.76821,0,0.0,1.0238,1.0,,,,,,,,pilG-cpdA-fliC-,Liquid
2.0,pilG-cpdA-fliC-_liq_ Gasket_2_event7_tirf_RAW_Stack.tif,1774.0,255.0,255.0,255.0,36.39121,43.135290000000005,1.0,1888.0,2750.72246,5193364.0,2513.0,3273.0,141.52209,251.69412000000003,266.53557,448.0,2767.77455,1239963.0,2513.0,3273.0,184.95718,0,0.0,249.67818,267.85181,448.0,2780.78125,1245790.0,2550.0,3273.0,178.72035,0,0.0,1.01643,2.0,,,,,,,,pilG-cpdA-fliC-,Liquid
1.0,pilG-cpdA-fliC-_liq_ Gasket_2_event8_tirf_RAW_Stack.tif,2138.0,255.0,255.0,255.0,40.81431,43.32788,1.0,2278.0,2731.05531,6221344.0,2259.0,3084.0,146.69445,334.6969,275.9057,225.0,2686.68889,604505.0,2511.0,3017.0,148.34068,0,0.0,333.91577,260.68035,225.0,2757.31111,620395.0,2593.0,2955.0,110.89305,0,0.0,0.99587,1.0,,,,,,,,pilG-cpdA-fliC-,Liquid
2.0,pilG-cpdA-fliC-_liq_ Gasket_2_event8_tirf_RAW_Stack.tif,2171.0,255.0,255.0,255.0,27.89751,54.59351,1.0,2288.0,2766.68575,6330177.0,2448.0,3688.0,255.80878,111.77851,350.79157000000004,665.0,2774.2646600000003,1844886.0,2479.0,3267.0,204.19789,0,0.0,124.49051,399.13753,665.0,2790.37143,1855597.0,2462.0,3688.0,288.69421,0,0.0,1.0136,2.0,,,,,,,,pilG-cpdA-fliC-,Liquid
1.0,pilG-cpdA-fliC-_liq_ Gasket_2_event9_tirf_RAW_Stack.tif,2305.0,255.0,255.0,255.0,31.9846,52.09306,1.0,2436.0,2722.84154,6632842.0,2468.0,3147.0,139.09235,280.7942,354.29282,540.0,2715.41481,1466324.0,2487.0,3023.0,126.33364,0,0.0,300.41138,307.39887000000004,540.0,2785.04259,1503923.0,2521.0,3147.0,143.67801,0,0.0,1.01822,1.0,,,,,,,,pilG-cpdA-fliC-,Liquid
1.0,pilH-cyaB-fliC-_1_Gasket_0_event1_tirf_RAW_Stack.tif,1593.0,255.0,255.0,255.0,36.42341,42.85468,1.0,1701.0,2889.78366,4915522.0,2622.0,3353.0,166.1637,229.96881,222.65961,293.0,2887.16382,845939.0,2680.0,3104.0,107.4206,0,0.0,237.57175,214.46522,293.0,2899.08532,849432.0,2757.0,3104.0,94.37442,0,0.0,1.00176,1.0,,,,,,,,pilH-cyaB-fliC-,Liquid
1.0,pilH-cyaB-fliC-_1_Gasket_0_event10_tirf_RAW_Stack.tif,2057.0,255.0,255.0,255.0,49.00267,32.12956,1.0,2187.0,2709.93507,5926628.0,2458.0,3084.0,117.2711,277.29574,258.44791000000004,208.0,2711.16346,563922.0,2601.0,2832.0,72.64587,0,0.0,285.68618,282.17155,208.0,2732.96154,568456.0,2485.0,3084.0,156.52898000000002,0,0.0,1.00553,1.0,,,,,,,,pilH-cyaB-fliC-,Liquid
2.0,pilH-cyaB-fliC-_1_Gasket_0_event14_tirf_RAW_Stack.tif,1821.0,255.0,255.0,255.0,42.14635,26.23696,1.0,1934.0,3152.06567,6096095.0,2903.0,3474.0,109.93142,199.73281,234.90499,80.0,3158.3625,252669.0,3101.0,3265.0,45.78188,3,0.0,186.73793,264.91088,80.0,3230.4375,258435.0,3170.0,3287.0,31.9754,0,0.0,1.01466,1.0,,,,,,,,pilH-cyaB-fliC-,Liquid
1.0,pilH-cyaB-fliC-_1_Gasket_0_event17_tirf_RAW_Stack.tif,1104.0,255.0,255.0,255.0,42.79167,31.73913,1.0,1209.0,2689.4938,3251598.0,2468.0,2928.0,87.42737,229.04092000000003,219.74546,137.0,2649.0146,362915.0,2534.0,2757.0,62.68301999999999,6,0.0,219.19516,240.96371,137.0,2671.0292,365931.0,2566.0,2874.0,71.29567,0,0.0,0.98588,1.0,,,,,,,,pilH-cyaB-fliC-,Liquid
2.0,pilH-cyaB-fliC-_1_Gasket_0_event17_tirf_RAW_Stack.tif,1122.0,255.0,255.0,255.0,32.96078,43.45365,1.0,1210.0,2656.36281,3214199.0,2428.0,2960.0,124.73042,444.57887,58.389590000000005,69.0,2534.24638,174863.0,2428.0,2704.0,80.10956,3,0.0,432.81906,94.83846,69.0,2646.71014,182623.0,2557.0,2827.0,60.17966,4,0.0,0.97209,2.0,,,,,,,,pilH-cyaB-fliC-,Liquid
1.0,pilH-cyaB-fliC-_1_Gasket_0_event19_tirf_RAW_Stack.tif,1285.0,255.0,255.0,255.0,19.61206,39.32335,1.0,1380.0,2907.87536,4012868.0,2671.0,3248.0,130.48181,429.16038,62.43986,540.0,2874.72037,1552349.0,2671.0,3123.0,135.35185,3,0.0,431.48388,84.6734,540.0,2994.32407,1616935.0,2754.0,3248.0,111.83161,0,0.0,1.04359,1.0,,,,,,,,pilH-cyaB-fliC-,Liquid
1.0,pilH-cyaB-fliC-_1_Gasket_0_event2_tirf_RAW_Stack.tif,3034.0,255.0,255.0,255.0,46.55076,25.36124,1.0,3206.0,2997.44448,9609807.0,2781.0,3244.0,93.92296,323.06345,222.66974,156.0,2969.58333,463255.0,2930.0,3031.0,24.48909,1,0.0,321.48021,192.95594,156.0,2983.99359,465503.0,2942.0,3060.0,35.36911,0,0.0,0.99237,1.0,,,,,,,,pilH-cyaB-fliC-,Liquid
1.0,pilH-cyaB-fliC-_1_Gasket_0_event4_tirf_RAW_Stack.tif,461.0,255.0,255.0,255.0,30.71909,30.96204,1.0,547.0,2938.35649,1607281.0,2715.0,3291.0,130.99313,293.96444,238.74646,69.0,3005.2318800000003,207361.0,2851.0,3107.0,58.06947,0,0.0,286.76262,245.38745,69.0,3007.34783,207507.0,2961.0,3117.0,34.319790000000005,4,0.0,1.03116,1.0,,,,,,,,pilH-cyaB-fliC-,Liquid
1.0,pilH-cyaB-fliC-_1_Gasket_0_event5_tirf_RAW_Stack.tif,1869.0,255.0,255.0,255.0,49.25976,34.14633,1.0,1991.0,3076.71974,6125749.0,2755.0,3590.0,157.13791,246.74525,260.41399,32.0,2957.71875,94647.0,2900.0,3044.0,48.88844,3,0.0,235.64213,250.28898,32.0,3081.59375,98611.0,3012.0,3141.0,43.23295,4,0.0,0.98085,1.0,,,,,,,,pilH-cyaB-fliC-,Liquid
1.0,pilH-cyaB-fliC-_1_Gasket_0_event6_tirf_RAW_Stack.tif,2061.0,255.0,255.0,255.0,42.25158,46.65381,1.0,2190.0,2070.74201,4534925.0,1920.0,2270.0,67.59154000000001,263.92794,337.15092000000004,52.0,2034.46154,105792.0,1987.0,2088.0,27.54067,0,0.0,218.10077,274.82797,52.0,2075.61538,107932.0,2029.0,2102.0,19.5259,1,0.0,0.99204,1.0,,,,,,,,pilH-cyaB-fliC-,Liquid
1.0,pilH-cyaB-fliC-_1_Gasket_0_event7_tirf_RAW_Stack.tif,712.0,255.0,255.0,255.0,24.50421,48.77809,1.0,813.0,3001.91021,2440553.0,2811.0,3460.0,130.6677,355.65392,277.25865,97.0,2996.70103,290680.0,2864.0,3143.0,75.4945,2,0.0,352.68644,305.74577,97.0,3042.80412,295152.0,2929.0,3423.0,119.18339,0,0.0,1.0078200000000002,1.0,,,,,,,,pilH-cyaB-fliC-,Liquid
1.0,pilH-cyaB-fliC-_1_Gasket_0_event8_tirf_RAW_Stack.tif,1471.0,255.0,255.0,255.0,28.508840000000003,24.91536,1.0,1568.0,2486.8361,3899359.0,2090.0,3412.0,204.05181,262.33035,221.16843,69.0,2443.68116,168614.0,2295.0,2604.0,79.91089000000001,3,0.0,249.44013,240.98822,69.0,2603.02899,179609.0,2504.0,2666.0,47.13372,1,0.0,1.01612,1.0,,,,,,,,pilH-cyaB-fliC-,Liquid
2.0,pilH-cyaB-fliC-_1_Gasket_0_event8_tirf_RAW_Stack.tif,1379.0,255.0,255.0,255.0,27.63198,36.61748,1.0,1476.0,2417.49458,3568222.0,2192.0,2649.0,104.00137,259.64014,164.87887,97.0,2393.45361,232165.0,2270.0,2487.0,69.77778,0,0.0,276.8846,131.11436,97.0,2476.0,240172.0,2341.0,2598.0,67.90388,0,0.0,1.00822,2.0,,,,,,,,pilH-cyaB-fliC-,Liquid
1.0,pilH-cyaB-fliC-_1_Gasket_0_event9_tirf_RAW_Stack.tif,1885.0,255.0,255.0,255.0,26.73926,48.99973,1.0,1996.0,1916.40581,3825146.0,1709.0,2195.0,107.31905,239.69344,433.57687,349.0,1874.5788,654228.0,1732.0,2130.0,110.39364,0,0.0,247.96735,388.61631,349.0,2017.98854,704278.0,1883.0,2195.0,92.03613,0,0.0,1.02418,1.0,,,,,,,,pilH-cyaB-fliC-,Liquid
1.0,pilH-cyaB-fliC-_1_Gasket_1_event3_tirf_RAW_Stack.tif,1282.0,255.0,255.0,255.0,45.49454,26.17161,1.0,1418.0,2806.00846,3978920.0,2101.0,4095.0,398.08332,275.75662,328.85497999999995,37.0,2683.59459,99293.0,2602.0,2894.0,72.12122,2,0.0,264.52745,335.6595,37.0,2883.13514,106676.0,2680.0,3024.0,98.39494,1,0.0,0.99149,1.0,,,,,,,,pilH-cyaB-fliC-,Liquid
1.0,pilH-cyaB-fliC-_1_Gasket_1_event5_tirf_RAW_Stack.tif,1640.0,255.0,255.0,255.0,,,1.0,1741.0,2840.236,4944851.0,2584.0,3107.0,101.807,282.42900000000003,293.345,112.0,2867.982,321214.0,2843.0,2894.0,13.261,2,0.0,259.593,328.565,112.0,2898.411,324622.0,2748.0,2951.0,36.836,0,0.0,1.017,1.0,,,,,0.0,255.0,1.0,pilH-cyaB-fliC-,Liquid
1.0,pilH-cyaB-fliC-_1_Gasket_1_event6_tirf_RAW_Stack.tif,1284.0,255.0,255.0,255.0,,,1.0,1425.0,2864.933,4082529.0,2271.0,3210.0,165.98,337.348,230.276,208.0,2700.9709999999995,561802.0,2271.0,3210.0,290.258,0,0.0,309.019,263.19,208.0,2891.303,601391.0,2684.0,3086.0,112.376,0,0.0,0.966,1.0,,,,,0.0,255.0,1.0,pilH-cyaB-fliC-,Liquid
1.0,pilH-cyaB-fliC-_1_Gasket_1_event7_tirf_RAW_Stack.tif,2020.0,255.0,255.0,255.0,,,1.0,2135.0,2940.391,6277735.0,2731.0,3254.0,107.943,387.968,196.474,256.0,2912.598,745625.0,2741.0,3202.0,107.653,0,0.0,419.311,166.642,256.0,2972.137,760867.0,2821.0,3140.0,85.80799999999999,0,0.0,1.001,1.0,,,,,0.0,255.0,1.0,pilH-cyaB-fliC-,Liquid
1.0,pilH-cyaB-fliC-_1_Gasket_1_event8_tirf_RAW_Stack.tif,1853.0,255.0,255.0,255.0,,,1.0,1963.0,2873.684,5641041.0,2675.0,3143.0,89.419,295.014,220.043,812.0,2888.204,2345222.0,2675.0,3143.0,81.132,0,0.0,286.47,204.101,812.0,2911.296,2363972.0,2672.0,3143.0,103.747,0,0.0,1.055,1.0,,,,,0.0,255.0,1.0,pilH-cyaB-fliC-,Liquid
1.0,pilH-cyaB-fliC-_1_Gasket_1_event9_tirf_RAW_Stack.tif,2603.0,255.0,255.0,255.0,,,1.0,2731.0,3027.014,8266775.0,2754.0,3413.0,128.029,170.608,268.913,177.0,3011.712,533073.0,2889.0,3136.0,66.684,0,0.0,125.724,272.826,177.0,3038.898,537885.0,2912.0,3159.0,66.178,0,0.0,0.999,1.0,,,,,0.0,255.0,1.0,pilH-cyaB-fliC-,Liquid
1.0,pilH-cyaB-fliC-_1_Gasket_2_event12_tirf_RAW_Stack.tif,1807.0,255.0,255.0,255.0,29.1995,47.291920000000005,1.0,1915.0,3020.34674,5783964.0,2701.0,3470.0,170.88222,217.84356,369.43961,316.0,3030.14557,957526.0,2751.0,3470.0,199.57451,2,0.0,225.73882000000003,321.32737000000003,316.0,3077.11076,972367.0,2837.0,3345.0,99.1629,0,0.0,1.01654,1.0,,,,,,,,pilH-cyaB-fliC-,Liquid
1.0,pilH-cyaB-fliC-_1_Gasket_2_event13_tirf_RAW_Stack.tif,1713.0,255.0,255.0,255.0,30.21162,37.5216,1.0,1817.0,3006.89158,5463522.0,2673.0,3508.0,169.0783,297.45504,423.28817,156.0,2867.05769,447261.0,2673.0,3344.0,146.02383,1,0.0,311.9446,383.36745,156.0,3090.1282100000003,482060.0,2892.0,3508.0,168.06118999999998,0,0.0,0.98866,1.0,,,,,,,,pilH-cyaB-fliC-,Liquid
1.0,pilH-cyaB-fliC-_1_Gasket_2_event14_tirf_RAW_Stack.tif,2125.0,255.0,255.0,255.0,49.17153,26.63553,1.0,2247.0,2936.76057,6598901.0,2545.0,3358.0,146.99157,305.80852000000004,306.81532000000004,349.0,2973.87679,1037883.0,2660.0,3313.0,140.36799,3,0.0,295.80152000000004,296.10867,349.0,3016.30372,1052690.0,2801.0,3176.0,100.74789,0,0.0,1.0290700000000002,1.0,,,,,,,,pilH-cyaB-fliC-,Liquid
1.0,pilH-cyaB-fliC-_1_Gasket_2_event16_tirf_RAW_Stack.tif,1417.0,255.0,255.0,255.0,28.58186,40.75406,1.0,1514.0,2985.48283,4520021.0,2719.0,3327.0,127.85763,219.11458,251.37455,112.0,2994.75,335412.0,2891.0,3087.0,54.85846,0,0.0,237.92036,299.61184,112.0,3001.36607,336153.0,2881.0,3316.0,99.83554,0,0.0,1.00495,1.0,,,,,,,,pilH-cyaB-fliC-,Liquid
1.0,pilH-cyaB-fliC-_1_Gasket_2_event18_tirf_RAW_Stack.tif,1313.0,255.0,255.0,255.0,26.514470000000003,41.25704,1.0,1401.0,2921.31834,4092767.0,2229.0,3201.0,179.28843999999998,359.91215,246.62295,208.0,2949.375,613470.0,2770.0,3201.0,129.76539,0,0.0,342.9224,212.98834,208.0,2960.59135,615803.0,2776.0,3186.0,111.07503,0,0.0,1.01647,1.0,,,,,,,,pilH-cyaB-fliC-,Liquid
1.0,pilH-cyaB-fliC-_1_Gasket_2_event2_tirf_RAW_Stack.tif,1127.0,255.0,255.0,255.0,26.99246,37.48225,1.0,1210.0,2907.8562,3518506.0,2704.0,3095.0,94.349,224.0211,259.64694,256.0,2933.55078,750989.0,2824.0,3075.0,53.80602,0,0.0,223.31957000000003,294.32447,256.0,2949.89844,755174.0,2740.0,3095.0,104.72019,1,0.0,1.02036,1.0,,,,,,,,pilH-cyaB-fliC-,Liquid
1.0,pilH-cyaB-fliC-_1_Gasket_2_event20_tirf_RAW_Stack.tif,1777.0,255.0,255.0,255.0,31.05149,47.31936,1.0,1892.0,2967.7595100000003,5615001.0,2700.0,3266.0,134.608,195.22795,282.84066,293.0,2972.3413,870896.0,2744.0,3257.0,133.21681,0,0.0,213.78438,231.43124,293.0,2989.59044,875950.0,2781.0,3180.0,79.58219,1,0.0,1.00646,1.0,,,,,,,,pilH-cyaB-fliC-,Liquid
1.0,pilH-cyaB-fliC-_1_Gasket_2_event22_tirf_RAW_Stack.tif,2401.0,255.0,255.0,255.0,64.06475999999999,36.54831,1.0,2549.0,2815.3962300000003,7176445.0,2482.0,3100.0,100.49366,279.4503,259.00544,316.0,2874.71519,908410.0,2708.0,3026.0,83.10636,1,0.0,231.00662000000003,257.45603,316.0,2876.70253,909038.0,2701.0,3065.0,83.93448000000001,1,0.0,1.02869,1.0,,,,,,,,pilH-cyaB-fliC-,Liquid
1.0,pilH-cyaB-fliC-_1_Gasket_2_event27_tirf_RAW_Stack.tif,1325.0,255.0,255.0,255.0,38.77698,23.59736,1.0,1410.0,2877.75603,4057636.0,2608.0,3180.0,124.56291,189.11288,239.1362,52.0,2792.15385,145192.0,2708.0,2871.0,46.17927,0,0.0,166.87408,251.11518,52.0,2847.71154,148081.0,2664.0,2989.0,113.53937,0,0.0,0.97834,1.0,,,,,,,,pilH-cyaB-fliC-,Liquid
1.0,pilH-cyaB-fliC-_1_Gasket_2_event3_tirf_RAW_Stack.tif,746.0,255.0,255.0,255.0,48.34584,32.67158,1.0,852.0,2855.13732,2432577.0,2754.0,2996.0,47.41696,161.80683,193.71732,112.0,2866.52679,321051.0,2789.0,2945.0,43.74207,2,0.0,202.54819,170.76381999999998,112.0,2880.9375,322665.0,2792.0,2999.0,57.25591,0,0.0,1.00886,1.0,,,,,,,,pilH-cyaB-fliC-,Liquid
1.0,pilH-cyaB-fliC-_1_Gasket_2_event4_tirf_RAW_Stack.tif,671.0,255.0,255.0,255.0,45.82936,56.34054,1.0,741.0,2923.87045,2166588.0,2791.0,3192.0,74.64966,329.28225,338.68491,97.0,2885.15464,279860.0,2830.0,2966.0,36.4404,0,0.0,327.91627,355.0984,97.0,2901.07216,281404.0,2823.0,2989.0,46.86289,0,0.0,0.9858,1.0,,,,,,,,pilH-cyaB-fliC-,Liquid
1.0,pilH-cyaB-fliC-_1_Gasket_2_event6_tirf_RAW_Stack.tif,1223.0,255.0,255.0,255.0,33.20728,32.92927,1.0,1315.0,2923.29125,3844128.0,2681.0,3166.0,106.48888,194.48078,382.70855,384.0,2945.57031,1131099.0,2761.0,3166.0,112.61026,1,0.0,214.29231,397.21539,384.0,2983.5677100000003,1145690.0,2837.0,3115.0,59.66955,1,0.0,1.03463,1.0,,,,,,,,pilH-cyaB-fliC-,Liquid
2.0,pilH-cyaB-fliC-_1_Gasket_2_event6_tirf_RAW_Stack.tif,1164.0,255.0,255.0,255.0,35.40808,30.85911,1.0,1247.0,2949.17241,3677618.0,2712.0,3219.0,90.64469,192.78288,313.04779,69.0,3003.4058,207235.0,2948.0,3058.0,27.39918,1,0.0,195.03628,318.98186,69.0,3020.75362,208432.0,2953.0,3083.0,38.07439,0,0.0,1.02405,2.0,,,,,,,,pilH-cyaB-fliC-,Liquid
1.0,pilH-cyaB-fliC-_1_Gasket_2_event7_tirf_RAW_Stack.tif,830.0,255.0,255.0,255.0,27.76265,43.85181,1.0,926.0,2999.58855,2777619.0,2831.0,3213.0,83.9542,197.8455,263.7704,112.0,2969.5625,332591.0,2902.0,3030.0,35.91902,0,0.0,221.38607,305.09888,112.0,3025.1875,338821.0,2948.0,3109.0,47.84181,0,0.0,0.99903,1.0,,,,,,,,pilH-cyaB-fliC-,Liquid
1.0,pilH-cyaB-fliC-_1_Gasket_0_event2_tirf_RAW_Stack.tif,1802.0,255.0,255.0,255.0,41.36792,45.01776,1.0,1928.0,2868.38174,5530240.0,2591.0,3163.0,104.12652,145.79566,179.78728,349.0,2859.24069,997875.0,2591.0,3163.0,121.46167,0,0.0,180.24381,139.58585,349.0,2875.8051600000003,1003656.0,2722.0,3051.0,87.81853000000001,0,0.0,0.99953,1.0,,,,,,,,pilH-cyaB-fliC-,Liquid
2.0,pilH-cyaB-fliC-_1_Gasket_0_event2_tirf_RAW_Stack.tif,2104.0,255.0,255.0,255.0,47.92681,34.51663,1.0,2225.0,2837.30472,6313003.0,2502.0,3227.0,143.04481,414.80572,410.1594,37.0,2775.05405,102677.0,2696.0,2846.0,47.32274,0,0.0,397.29405,388.89417,37.0,2986.4324300000003,110498.0,2872.0,3038.0,40.77413,0,0.0,1.01584,2.0,,,,,,,,pilH-cyaB-fliC-,Liquid
1.0,pilH-cyaB-fliC-_1_Gasket_0_event4_tirf_RAW_Stack.tif,1744.0,255.0,255.0,255.0,20.71674,36.085440000000006,1.0,1849.0,2872.93402,5312055.0,2660.0,3220.0,104.81796,280.49252,248.35148,349.0,2881.23782,1005552.0,2668.0,3093.0,116.06795,0,0.0,276.23921,282.56313,349.0,2900.45272,1012258.0,2716.0,3220.0,123.67707,0,0.0,1.01005,1.0,,,,,,,,pilH-cyaB-fliC-,Liquid
1.0,pilH-cyaB-fliC-_1_sol_Gasket_0_event1_tirf_RAW_Stack.tif,1535.0,255.0,255.0,255.0,36.39902,35.7443,1.0,1637.0,2821.75382,4619211.0,2470.0,3391.0,194.29185,192.49139,399.49447,137.0,2835.30657,388437.0,2650.0,3126.0,124.17715,1,0.0,187.45598,394.98987,137.0,2857.56934,391487.0,2713.0,3108.0,107.74178,1,0.0,1.01052,1.0,,,,,,,,pilH-cyaB-fliC-,Solid
1.0,pilH-cyaB-fliC-_1_sol_Gasket_0_event10_tirf_RAW_Stack.tif,1180.0,255.0,255.0,255.0,,,1.0,1268.0,2715.282,3442977.0,2478.0,3186.0,148.679,293.654,126.124,208.0,2650.216,551245.0,2478.0,3104.0,108.088,1,0.0,311.008,161.53,208.0,2772.303,576639.0,2582.0,3110.0,140.406,0,0.0,0.998,1.0,,,,,0.0,255.0,1.0,pilH-cyaB-fliC-,Solid
1.0,pilH-cyaB-fliC-_1_sol_Gasket_0_event11_tirf_RAW_Stack.tif,1958.0,255.0,255.0,255.0,,,1.0,2080.0,3066.927,6379208.0,2822.0,3485.0,149.563,150.69299999999998,254.359,316.0,3055.918,965670.0,2841.0,3485.0,193.118,0,0.0,118.721,291.841,316.0,3081.098,973627.0,2881.0,3341.0,126.297,1,0.0,1.001,1.0,,,,,0.0,255.0,1.0,pilH-cyaB-fliC-,Solid
2.0,pilH-cyaB-fliC-_1_sol_Gasket_0_event11_tirf_RAW_Stack.tif,2095.0,255.0,255.0,255.0,,,1.0,2245.0,3035.535,6814777.0,2554.0,3865.0,174.929,384.351,237.384,749.0,3041.883,2278370.0,2706.0,3865.0,225.068,0,0.0,383.138,239.328,749.0,3045.296,2280927.0,2706.0,3865.0,224.519,0,0.0,1.008,2.0,,,,,0.0,255.0,1.0,pilH-cyaB-fliC-,Solid
1.0,pilH-cyaB-fliC-_1_sol_Gasket_0_event13_tirf_RAW_Stack.tif,1345.0,255.0,255.0,255.0,,,1.0,1454.0,3219.4570000000003,4681091.0,2936.0,3571.0,144.203,314.909,206.035,293.0,3186.515,933649.0,2988.0,3396.0,110.26,0,0.0,308.6,197.659,293.0,3286.0820000000003,962822.0,3112.0,3483.0,87.315,1,0.0,1.009,1.0,,,,,0.0,255.0,1.0,pilH-cyaB-fliC-,Solid
1.0,pilH-cyaB-fliC-_1_sol_Gasket_0_event14_tirf_RAW_Stack.tif,1386.0,255.0,255.0,255.0,,,1.0,1478.0,2894.366,4277873.0,2597.0,3516.0,168.486,246.269,275.616,97.0,2842.763,275748.0,2723.0,3176.0,84.413,0,0.0,252.781,228.251,97.0,2848.186,276274.0,2707.0,2975.0,66.382,1,0.0,0.981,1.0,,,,,0.0,255.0,1.0,pilH-cyaB-fliC-,Solid
1.0,pilH-cyaB-fliC-_1_sol_Gasket_0_event17_tirf_RAW_Stack.tif,1682.0,255.0,255.0,255.0,,,1.0,1787.0,2385.949,4263691.0,1863.0,2615.0,128.694,345.721,253.799,177.0,2347.169,415449.0,2225.0,2568.0,92.011,2,0.0,377.14,228.287,177.0,2411.706,426872.0,2261.0,2570.0,83.469,1,0.0,0.997,1.0,,,,,0.0,255.0,1.0,pilH-cyaB-fliC-,Solid
1.0,pilH-cyaB-fliC-_1_sol_Gasket_0_event19_tirf_RAW_Stack.tif,2256.0,255.0,255.0,255.0,,,1.0,2403.0,2844.022,6834185.0,2568.0,3211.0,128.716,274.48,242.21400000000003,137.0,2822.949,386744.0,2644.0,2983.0,83.695,2,0.0,310.73400000000004,197.45,137.0,2831.015,387849.0,2606.0,3103.0,142.903,0,0.0,0.993,1.0,,,,,0.0,255.0,1.0,pilH-cyaB-fliC-,Solid
1.0,pilH-cyaB-fliC-_1_sol_Gasket_0_event2_tirf_RAW_Stack.tif,1391.0,255.0,255.0,255.0,27.89324,45.64666,1.0,1483.0,2595.7033,3849428.0,2372.0,3014.0,134.57838,212.56213,340.59828,112.0,2570.19643,287862.0,2461.0,2743.0,59.58004,2,0.0,205.22464,331.43051,112.0,2609.45536,292259.0,2545.0,2760.0,54.70723,0,0.0,0.99733,1.0,,,,,,,,pilH-cyaB-fliC-,Solid
1.0,pilH-cyaB-fliC-_1_sol_Gasket_0_event3_tirf_RAW_Stack.tif,1408.0,255.0,255.0,255.0,37.768,22.776,1.0,1505.0,2544.716,3829798.0,2284.0,2880.0,120.279,228.536,253.062,177.0,2517.633,445621.0,2333.0,2725.0,99.447,2,0.0,235.098,240.666,177.0,2536.983,449046.0,2457.0,2654.0,48.542,1,0.0,0.991,1.0,,,,,,,,pilH-cyaB-fliC-,Solid
1.0,pilH-cyaB-fliC-_1_sol_Gasket_0_event4_tirf_RAW_Stack.tif,1294.0,255.0,255.0,255.0,,,1.0,1379.0,2481.999,3422676.0,2247.0,2797.0,111.064,255.262,142.32299999999998,37.0,2425.784,89754.0,2369.0,2490.0,28.979,2,0.0,250.879,190.599,37.0,2442.973,90390.0,2382.0,2517.0,45.779,0,0.0,0.98,1.0,,,,,0.0,255.0,1.0,pilH-cyaB-fliC-,Solid
1.0,pilH-cyaB-fliC-_1_sol_Gasket_0_event6_tirf_RAW_Stack.tif,2088.0,255.0,255.0,255.0,,,1.0,2217.0,3185.635,7062552.0,2900.0,3519.0,132.14600000000002,327.256,186.852,489.0,3180.382,1555207.0,2959.0,3407.0,114.549,3,0.0,350.119,141.516,489.0,3201.141,1565358.0,2930.0,3415.0,133.861,2,0.0,1.003,1.0,,,,,0.0,255.0,1.0,pilH-cyaB-fliC-,Solid
1.0,pilH-cyaB-fliC-_1_sol_Gasket_0_event8_tirf_RAW_Stack.tif,1194.0,255.0,255.0,255.0,,,1.0,1283.0,3094.797,3970624.0,2838.0,3416.0,134.467,165.572,141.858,112.0,3050.348,341639.0,2950.0,3140.0,63.728,2,0.0,151.43,142.876,112.0,3059.098,342619.0,2916.0,3359.0,113.45,0,0.0,0.984,1.0,,,,,0.0,255.0,1.0,pilH-cyaB-fliC-,Solid
1.0,pilH-cyaB-fliC-_1_sol_Gasket_0_event9_tirf_RAW_Stack.tif,1057.0,255.0,255.0,255.0,,,1.0,1142.0,2766.07,3158852.0,2551.0,3113.0,101.821,293.331,199.73,177.0,2846.034,503748.0,2733.0,3113.0,96.416,0,0.0,285.128,207.115,177.0,2848.3390000000004,504156.0,2686.0,3113.0,107.3,4,0.0,1.043,1.0,,,,,0.0,255.0,1.0,pilH-cyaB-fliC-,Solid
1.0,pilH-cyaB-fliC-_1_sol_Gasket_0_event4_tirf_RAW_Stack.tif,2198.0,255.0,255.0,255.0,,,1.0,2336.0,3035.558,7091063.0,2617.0,3606.0,193.395,180.315,232.57,316.0,3064.671,968436.0,2797.0,3428.0,168.48,2,0.0,223.146,199.086,316.0,3066.0440000000003,968870.0,2642.0,3606.0,240.835,2,0.0,1.014,1.0,,,,,0.0,255.0,1.0,pilH-cyaB-fliC-,Solid
1.0,pilH-cyaB-fliC-_1_sol_Gasket_0_event9_tirf_RAW_Stack.tif,1810.0,255.0,255.0,255.0,,,1.0,1931.0,2890.045,5580677.0,2661.0,3218.0,100.89,165.355,130.072,177.0,2866.215,507320.0,2721.0,2979.0,73.982,3,0.0,205.266,99.959,177.0,2899.062,513134.0,2720.0,3126.0,104.833,0,0.0,0.997,1.0,,,,,0.0,255.0,1.0,pilH-cyaB-fliC-,Solid
1.0,pilH-cyaB-fliC-_2_Gasket_0_event1_tirf_RAW_Stack.tif,1966.0,255.0,255.0,255.0,49.54476,23.17803,1.0,2083.0,2949.2986100000003,6143389.0,2702.0,3150.0,87.67683000000001,233.35068,175.37182,489.0,2944.76483,1439990.0,2702.0,3134.0,84.65329,0,0.0,290.04061,171.18568,489.0,2974.55419,1454557.0,2724.0,3195.0,110.8057,2,0.0,1.00664,1.0,,,,,,,,pilH-cyaB-fliC-,Liquid
2.0,pilH-cyaB-fliC-_2_Gasket_0_event1_tirf_RAW_Stack.tif,1664.0,255.0,255.0,255.0,41.622,36.03966,1.0,1779.0,3198.32546,5689821.0,2886.0,3520.0,130.9625,153.43953,261.38605,177.0,3167.70056,560683.0,3004.0,3425.0,133.02454,1,0.0,123.25008,291.96849,177.0,3220.65537,570056.0,3061.0,3520.0,120.36422,1,0.0,0.99838,2.0,,,,,,,,pilH-cyaB-fliC-,Liquid
1.0,pilH-cyaB-fliC-_2_Gasket_0_event10_tirf_RAW_Stack.tif,1460.0,255.0,255.0,255.0,47.87877,55.61164,1.0,1596.0,2993.1641600000003,4777090.0,2779.0,3272.0,98.54447,294.35114,114.68091,256.0,2925.05078,748813.0,2799.0,3040.0,62.32264,3,0.0,287.73837000000003,122.62853,256.0,2958.11328,757277.0,2811.0,3120.0,78.01286,4,0.0,0.97483,1.0,,,,,,,,pilH-cyaB-fliC-,Liquid
2.0,pilH-cyaB-fliC-_2_Gasket_0_event10_tirf_RAW_Stack.tif,2227.0,255.0,255.0,255.0,42.86641,48.34957,1.0,2361.0,3033.55104,7162214.0,2614.0,3607.0,232.40434,140.45304,447.17857,349.0,2882.88539,1006127.0,2617.0,3342.0,217.93397,1,0.0,183.53193,401.76169,349.0,3212.1891100000003,1121054.0,2859.0,3505.0,156.98275,1,0.0,1.00656,2.0,,,,,,,,pilH-cyaB-fliC-,Liquid
1.0,pilH-cyaB-fliC-_2_Gasket_0_event11_tirf_RAW_Stack.tif,1600.0,255.0,255.0,255.0,46.01687,31.47437,1.0,1713.0,3061.43024,5244230.0,2792.0,3391.0,126.20472,316.43267000000003,249.09531,349.0,3062.51576,1068818.0,2868.0,3293.0,96.7024,2,0.0,311.40461,245.21863,349.0,3079.30372,1074677.0,2868.0,3293.0,89.97659,3,0.0,1.00524,1.0,,,,,,,,pilH-cyaB-fliC-,Liquid
1.0,pilH-cyaB-fliC-_2_Gasket_0_event12_tirf_RAW_Stack.tif,1910.0,255.0,255.0,255.0,37.53455,51.59058,1.0,2049.0,3014.03026,6175748.0,2745.0,3257.0,105.43325,267.47196,232.89512,256.0,2957.46484,757111.0,2745.0,3173.0,120.08895,2,0.0,247.60996,267.41356,256.0,3010.89062,770788.0,2813.0,3250.0,118.01716,4,0.0,0.98684,1.0,,,,,,,,pilH-cyaB-fliC-,Liquid
1.0,pilH-cyaB-fliC-_2_Gasket_0_event13_tirf_RAW_Stack.tif,1540.0,255.0,255.0,255.0,37.68247,39.09545,1.0,1647.0,3063.31087,5045273.0,2820.0,3457.0,126.60693,179.29658,132.09573,316.0,3015.85759,953011.0,2876.0,3244.0,87.22932,3,0.0,149.84672,161.69134,316.0,3120.69937,986141.0,2865.0,3457.0,158.82805,1,0.0,1.00263,1.0,,,,,,,,pilH-cyaB-fliC-,Liquid
2.0,pilH-cyaB-fliC-_2_Gasket_0_event13_tirf_RAW_Stack.tif,1193.0,255.0,255.0,255.0,24.62322,37.14376,1.0,1284.0,2961.83411,3802995.0,2743.0,3264.0,99.87431,328.53051,62.02928000000001,177.0,2940.7966100000003,520521.0,2835.0,3177.0,73.79581,4,0.0,338.94705,68.76765999999999,177.0,2943.22034,520950.0,2752.0,3191.0,123.39935,1,0.0,0.99078,2.0,,,,,,,,pilH-cyaB-fliC-,Liquid
3.0,pilH-cyaB-fliC-_2_Gasket_0_event13_tirf_RAW_Stack.tif,1627.0,255.0,255.0,255.0,37.99785,40.77597,1.0,1737.0,3056.60852,5309329.0,2744.0,3489.0,156.76533999999998,285.13811,418.6925700000001,156.0,2954.26282,460865.0,2744.0,3286.0,150.45363999999998,2,0.0,310.58852,382.88215,156.0,3113.32051,485678.0,2861.0,3489.0,173.26091,2,0.0,0.99092,3.0,,,,,,,,pilH-cyaB-fliC-,Liquid
1.0,pilH-cyaB-fliC-_2_Gasket_0_event14_tirf_RAW_Stack.tif,1991.0,255.0,255.0,255.0,34.30362,47.07007,1.0,2109.0,2998.48459,6323804.0,2714.0,3253.0,115.08533,284.47244,293.29857000000004,316.0,3007.35759,950325.0,2736.0,3210.0,113.99903,1,0.0,275.06445,283.36582000000004,316.0,3031.89557,958079.0,2828.0,3171.0,66.94593,1,0.0,1.0101,1.0,,,,,,,,pilH-cyaB-fliC-,Liquid
1.0,pilH-cyaB-fliC-_2_Gasket_0_event15_tirf_RAW_Stack.tif,1395.0,255.0,255.0,255.0,41.78315,31.46201,1.0,1494.0,3002.43307,4485635.0,2812.0,3369.0,104.62775,262.9074,234.96107,577.0,3008.9844,1736184.0,2812.0,3209.0,96.55871,2,0.0,238.24699,231.56667,577.0,3024.37782,1745066.0,2839.0,3369.0,115.69462,2,0.0,1.02119,1.0,,,,,,,,pilH-cyaB-fliC-,Liquid
1.0,pilH-cyaB-fliC-_2_Gasket_0_event16_tirf_RAW_Stack.tif,1195.0,255.0,255.0,255.0,22.11172,43.05816,1.0,1278.0,3072.11972,3926169.0,2849.0,3374.0,115.30943,316.73478,304.8007,177.0,3074.3220300000003,544155.0,2922.0,3320.0,117.2371,0,0.0,304.43715,296.05512000000004,177.0,3116.23164,551573.0,2987.0,3309.0,91.54512,0,0.0,1.01046,1.0,,,,,,,,pilH-cyaB-fliC-,Liquid
1.0,pilH-cyaB-fliC-_2_Gasket_0_event17_tirf_RAW_Stack.tif,1560.0,255.0,255.0,255.0,30.10192,39.92692,1.0,1659.0,3015.85112,5003297.0,2723.0,3608.0,159.17831,280.2415,349.51541000000003,421.0,3012.8337300000003,1268403.0,2748.0,3252.0,109.26506,2,0.0,257.91202000000004,313.38967,421.0,3074.02375,1294164.0,2774.0,3608.0,187.0267,2,0.0,1.01874,1.0,,,,,,,,pilH-cyaB-fliC-,Liquid
1.0,pilH-cyaB-fliC-_2_Gasket_0_event18_tirf_RAW_Stack.tif,1589.0,255.0,255.0,255.0,29.06702,50.58999,1.0,1692.0,3059.25177,5176254.0,2865.0,3281.0,92.74344,259.74797,310.4557,208.0,3046.33173,633637.0,2899.0,3228.0,87.73258,1,0.0,238.1009,261.72092000000004,208.0,3084.375,641550.0,2956.0,3199.0,52.6899,0,0.0,1.00265,1.0,,,,,,,,pilH-cyaB-fliC-,Liquid
1.0,pilH-cyaB-fliC-_2_Gasket_0_event2_tirf_RAW_Stack.tif,2059.0,255.0,255.0,255.0,52.9711,29.18966,1.0,2180.0,3071.3321100000003,6695504.0,2794.0,3367.0,123.40515,249.74708,360.73426,225.0,3061.39556,688814.0,2867.0,3324.0,121.57115,2,0.0,314.11672000000004,381.68757,225.0,3107.56444,699202.0,2940.0,3367.0,114.20078,0,0.0,1.0054,1.0,,,,,,,,pilH-cyaB-fliC-,Liquid
1.0,pilH-cyaB-fliC-_2_Gasket_0_event20_tirf_RAW_Stack.tif,2019.0,255.0,255.0,255.0,27.58866,46.44205,1.0,2133.0,3014.11158,6429100.0,2693.0,3382.0,142.55803,287.44241,338.11384,208.0,2946.44712,612861.0,2739.0,3331.0,135.97647,1,0.0,277.2853,384.56962,208.0,3041.36058,632603.0,2893.0,3309.0,77.06713,0,0.0,0.99168,1.0,,,,,,,,pilH-cyaB-fliC-,Liquid
1.0,pilH-cyaB-fliC-_2_Gasket_0_event21_tirf_RAW_Stack.tif,1789.0,255.0,255.0,255.0,45.33678,35.967859999999995,1.0,1904.0,3136.63393,5972151.0,2524.0,3439.0,139.55336,336.74886000000004,227.68036,208.0,3018.90385,627932.0,2524.0,3303.0,237.12403,4,0.0,297.8311,266.99556,208.0,3168.8798100000004,659127.0,2995.0,3439.0,108.00465,1,0.0,0.98263,1.0,,,,,,,,pilH-cyaB-fliC-,Liquid
1.0,pilH-cyaB-fliC-_2_Gasket_0_event22_tirf_RAW_Stack.tif,982.0,255.0,255.0,255.0,34.75866,28.28513,1.0,1060.0,3098.8066,3284735.0,2931.0,3344.0,97.64334,334.09374,356.01462999999995,384.0,3119.0599,1197719.0,2935.0,3344.0,98.20591,2,0.0,333.25454,342.06061,384.0,3135.98958,1204220.0,2962.0,3330.0,83.38951999999999,0,0.0,1.0344799999999998,1.0,,,,,,,,pilH-cyaB-fliC-,Liquid
2.0,pilH-cyaB-fliC-_2_Gasket_0_event22_tirf_RAW_Stack.tif,1958.0,255.0,255.0,255.0,30.790090000000003,58.93207,1.0,2079.0,3150.63011,6550160.0,2866.0,3533.0,145.91823,238.92004,218.34561,421.0,3153.33967,1327556.0,2868.0,3340.0,106.96059,3,0.0,231.85075,216.06151,421.0,3164.44418,1332231.0,2929.0,3340.0,95.96887,3,0.0,1.00442,2.0,,,,,,,,pilH-cyaB-fliC-,Liquid
1.0,pilH-cyaB-fliC-_2_Gasket_0_event24_tirf_RAW_Stack.tif,1793.0,255.0,255.0,255.0,43.48885,30.96347,1.0,1904.0,2952.21534,5621018.0,2702.0,3152.0,102.19352,335.15768,270.9244,177.0,2908.59322,514821.0,2717.0,3142.0,112.00124,2,0.0,329.34105,263.3008,177.0,2963.7909600000003,524591.0,2869.0,3142.0,70.67657,2,0.0,0.99334,1.0,,,,,,,,pilH-cyaB-fliC-,Liquid
1.0,pilH-cyaB-fliC-_2_Gasket_0_event25_tirf_RAW_Stack.tif,1447.0,255.0,255.0,255.0,45.27125,20.26849,1.0,1545.0,3127.21942,4831554.0,2878.0,3382.0,102.86497,331.51047,208.09588,208.0,3063.66827,637243.0,2878.0,3306.0,119.8998,1,0.0,321.04944,192.93047,208.0,3113.51442,647611.0,2980.0,3212.0,56.89621,0,0.0,0.98317,1.0,,,,,,,,pilH-cyaB-fliC-,Liquid
2.0,pilH-cyaB-fliC-_2_Gasket_0_event25_tirf_RAW_Stack.tif,1425.0,255.0,255.0,255.0,40.39895,28.93228,1.0,1521.0,3163.0670600000003,4811025.0,2801.0,3509.0,156.92871,160.35654,314.17913,112.0,3140.19643,351702.0,3021.0,3464.0,122.93804,1,0.0,157.10068,322.08125,112.0,3174.11607,355501.0,3032.0,3477.0,111.56598,0,0.0,0.99781,2.0,,,,,,,,pilH-cyaB-fliC-,Liquid
1.0,pilH-cyaB-fliC-_2_Gasket_0_event26_tirf_RAW_Stack.tif,1528.0,255.0,255.0,255.0,32.56283,42.44045,1.0,1629.0,3101.248,5051933.0,2845.0,3398.0,121.0474,306.77778,206.78888,256.0,3125.74609,800191.0,2885.0,3398.0,139.05638000000002,1,0.0,294.83842000000004,197.52394,256.0,3195.00781,817922.0,3024.0,3370.0,70.80423,1,0.0,1.02805,1.0,,,,,,,,pilH-cyaB-fliC-,Liquid
1.0,pilH-cyaB-fliC-_2_Gasket_0_event27_tirf_RAW_Stack.tif,1396.0,255.0,255.0,255.0,26.4692,43.87178,1.0,1492.0,3037.62198,4532132.0,2792.0,3420.0,117.27265,285.81672000000003,333.90041,137.0,2987.71533,409317.0,2814.0,3165.0,80.97648000000001,0,0.0,272.87369,368.55812,137.0,3082.77372,422340.0,2895.0,3405.0,100.67186,0,0.0,0.99904,1.0,,,,,,,,pilH-cyaB-fliC-,Liquid
1.0,pilH-cyaB-fliC-_2_Gasket_0_event28_tirf_RAW_Stack.tif,1048.0,255.0,255.0,255.0,20.00382,42.7166,1.0,1122.0,3154.94029,3539843.0,2939.0,3507.0,134.56306,217.85184,269.13837,97.0,3100.21649,300721.0,2956.0,3406.0,103.40799,1,0.0,213.21703,270.74291,97.0,3217.13402,312062.0,2984.0,3507.0,167.63183,1,0.0,1.0014299999999998,1.0,,,,,,,,pilH-cyaB-fliC-,Liquid
1.0,pilH-cyaB-fliC-_2_Gasket_0_event29_tirf_RAW_Stack.tif,1339.0,255.0,255.0,255.0,27.95631,36.1699,1.0,1438.0,3041.93324,4374300.0,2775.0,3351.0,108.93457,314.54066,279.01267,32.0,2999.59375,95987.0,2921.0,3057.0,41.90224,0,0.0,310.91981,260.43044,32.0,3060.40625,97933.0,3010.0,3108.0,31.01806,0,0.0,0.9959,1.0,,,,,,,,pilH-cyaB-fliC-,Liquid
1.0,pilH-cyaB-fliC-_2_Gasket_0_event3_tirf_RAW_Stack.tif,2015.0,255.0,255.0,255.0,55.35061999999999,17.9129,1.0,2135.0,3064.10585,6541866.0,2747.0,3469.0,132.45716000000002,313.07864,243.49271,293.0,3065.7406100000003,898262.0,2697.0,3386.0,157.53884,2,0.0,317.00189,253.4023,293.0,3076.03072,901277.0,2806.0,3250.0,94.99875,2,0.0,1.00305,1.0,,,,,,,,pilH-cyaB-fliC-,Liquid
1.0,pilH-cyaB-fliC-_2_Gasket_0_event32_tirf_RAW_Stack.tif,2249.0,255.0,255.0,255.0,47.00511,33.62183,1.0,2397.0,3072.5169,7364823.0,2826.0,3387.0,94.47458,269.75332000000003,248.45741,97.0,3017.98969,292745.0,2897.0,3124.0,54.50793,5,0.0,221.1227,282.539,97.0,3059.17526,296740.0,2923.0,3158.0,77.34810999999999,2,0.0,0.98799,1.0,,,,,,,,pilH-cyaB-fliC-,Liquid
1.0,pilH-cyaB-fliC-_2_Gasket_0_event4_tirf_RAW_Stack.tif,2187.0,255.0,255.0,255.0,36.23434,57.78898,1.0,2323.0,3078.46578,7151276.0,2814.0,3519.0,142.39695,324.60124,268.17023,256.0,3065.8164100000004,784849.0,2881.0,3302.0,119.72449,3,0.0,320.91729,263.29259,256.0,3114.8789100000004,797409.0,2881.0,3302.0,122.09683,1,0.0,1.00496,1.0,,,,,,,,pilH-cyaB-fliC-,Liquid
1.0,pilH-cyaB-fliC-_2_Gasket_0_event5_tirf_RAW_Stack.tif,1580.0,255.0,255.0,255.0,29.2443,45.90443,1.0,1684.0,3059.9364600000004,5152933.0,2449.0,3434.0,169.78821000000002,337.32861,230.97451,316.0,2977.46835,940880.0,2449.0,3434.0,250.18513,2,0.0,316.22696,278.27338,316.0,3101.27848,980004.0,2923.0,3323.0,103.54717,0,0.0,0.98929,1.0,,,,,,,,pilH-cyaB-fliC-,Liquid
1.0,pilH-cyaB-fliC-_2_Gasket_0_event6_tirf_RAW_Stack.tif,1299.0,255.0,255.0,255.0,38.65781,26.6555,1.0,1388.0,3087.60303,4285593.0,2902.0,3344.0,93.10235,302.57472,299.82544,97.0,3023.50515,293280.0,2902.0,3256.0,92.95296,3,0.0,308.343,295.26654,97.0,3127.21649,303340.0,2947.0,3285.0,107.67507,0,0.0,0.99539,1.0,,,,,,,,pilH-cyaB-fliC-,Liquid
1.0,pilH-cyaB-fliC-_2_Gasket_0_event7_tirf_RAW_Stack.tif,1305.0,255.0,255.0,255.0,29.79885,41.50843,1.0,1400.0,3125.83286,4376166.0,2726.0,3808.0,213.80193,296.9588,412.5487,208.0,3127.49038,650518.0,2918.0,3385.0,104.67973,4,0.0,306.00629,414.48978,208.0,3225.46154,670896.0,2960.0,3591.0,160.63825,0,0.0,1.02321,1.0,,,,,,,,pilH-cyaB-fliC-,Liquid
1.0,pilH-cyaB-fliC-_2_Gasket_0_event8_tirf_RAW_Stack.tif,1923.0,255.0,255.0,255.0,38.79953,46.64249,1.0,2044.0,3074.98973,6285279.0,2886.0,3302.0,93.41122,243.04296,67.42487,137.0,3007.86861,412078.0,2886.0,3141.0,62.90666,1,0.0,229.88082000000003,88.82258,137.0,3043.4087600000003,416947.0,2911.0,3221.0,71.11843,1,0.0,0.98151,1.0,,,,,,,,pilH-cyaB-fliC-,Liquid
2.0,pilH-cyaB-fliC-_2_Gasket_0_event8_tirf_RAW_Stack.tif,1412.0,255.0,255.0,255.0,24.98229,48.60127,1.0,1504.0,2959.13098,4450533.0,2678.0,3404.0,166.36695,238.78037,472.97699000000006,489.0,2941.3435600000003,1438317.0,2688.0,3404.0,186.29552,1,0.0,230.30421,435.77123,489.0,3042.66462,1487863.0,2782.0,3321.0,132.94763999999998,0,0.0,1.03243,2.0,,,,,,,,pilH-cyaB-fliC-,Liquid
1.0,pilH-cyaB-fliC-_2_Gasket_1_event1_tirf_RAW_Stack.tif,1375.0,255.0,255.0,255.0,23.15309,56.04836,1.0,1467.0,2855.4976100000003,4189015.0,2622.0,3151.0,138.58431000000002,218.57072,235.99505,421.0,2873.2019,1209618.0,2634.0,3056.0,109.76345,1,0.0,214.03404,237.34818,421.0,2894.59145,1218623.0,2671.0,3054.0,97.18514,0,0.0,1.02366,1.0,,,,,,,,pilH-cyaB-fliC-,Liquid
1.0,pilH-cyaB-fliC-_2_Gasket_1_event10_tirf_RAW_Stack.tif,1781.0,255.0,255.0,255.0,42.149640000000005,22.0379,1.0,1885.0,2940.00584,5541911.0,2597.0,3211.0,111.60314,278.78622,224.05345,540.0,2918.2037,1575830.0,2668.0,3068.0,104.74692,0,0.0,277.48148,220.0817,540.0,2951.92593,1594040.0,2668.0,3076.0,98.15955,0,0.0,0.99607,1.0,,,,,,,,pilH-cyaB-fliC-,Liquid
1.0,pilH-cyaB-fliC-_2_Gasket_1_event11_tirf_RAW_Stack.tif,2112.0,255.0,255.0,255.0,50.76989,26.39583,1.0,2225.0,2860.88674,6365473.0,2518.0,3292.0,150.24536,266.39503,305.31575,316.0,2803.92722,886041.0,2531.0,3003.0,118.42041,1,0.0,254.42974,297.05621,316.0,2859.38924,903567.0,2653.0,3016.0,105.73722,0,0.0,0.98579,1.0,,,,,,,,pilH-cyaB-fliC-,Liquid
1.0,pilH-cyaB-fliC-_2_Gasket_1_event12_tirf_RAW_Stack.tif,1458.0,255.0,255.0,255.0,,,1.0,1566.0,2959.179,4634075.0,2696.0,3336.0,151.161,238.942,373.24300000000005,293.0,2924.594,856906.0,2696.0,3281.0,150.24200000000002,0,0.0,230.254,377.728,293.0,2979.546,873007.0,2696.0,3336.0,192.695,0,0.0,0.996,1.0,,,,,0.0,255.0,1.0,pilH-cyaB-fliC-,Liquid
2.0,pilH-cyaB-fliC-_2_Gasket_1_event12_tirf_RAW_Stack.tif,1436.0,255.0,255.0,255.0,,,1.0,1560.0,2905.204,4532118.0,2537.0,3254.0,151.303,286.382,235.253,69.0,2754.826,190083.0,2663.0,2950.0,81.222,0,0.0,306.534,251.771,69.0,2844.188,196249.0,2757.0,2983.0,61.507,0,0.0,0.96,2.0,,,,,0.0,255.0,1.0,pilH-cyaB-fliC-,Liquid
1.0,pilH-cyaB-fliC-_2_Gasket_1_event14_tirf_RAW_Stack.tif,1594.0,255.0,255.0,255.0,45.8601,21.41656,1.0,1703.0,2795.6623600000003,4761013.0,2494.0,3051.0,126.69268,259.74245,210.50744,21.0,2769.85714,58167.0,2637.0,2851.0,58.8033,0,0.0,243.73224,219.06818,21.0,2967.85714,62325.0,2936.0,2990.0,15.99464,0,0.0,1.02686,1.0,,,,,,,,pilH-cyaB-fliC-,Liquid
1.0,pilH-cyaB-fliC-_2_Gasket_1_event15_tirf_RAW_Stack.tif,1625.0,255.0,255.0,255.0,55.97446,41.30185,1.0,1753.0,2784.97319,4882058.0,2280.0,3031.0,133.63191,338.11983,239.82273,177.0,2739.76836,484939.0,2293.0,2975.0,216.08092,0,0.0,292.92035,248.94128,177.0,2778.99435,491882.0,2585.0,2962.0,106.77645,1,0.0,0.98851,1.0,,,,,,,,pilH-cyaB-fliC-,Liquid
1.0,pilH-cyaB-fliC-_2_Gasket_1_event17_tirf_RAW_Stack.tif,1662.0,255.0,255.0,255.0,,,1.0,1768.0,2906.384,5138487.0,2553.0,3392.0,183.413,176.86700000000002,368.882,208.0,2892.812,601705.0,2672.0,3384.0,183.049,2,0.0,216.47,339.23900000000003,208.0,2930.928,609633.0,2736.0,3392.0,178.362,0,0.0,1.002,1.0,,,,,0.0,255.0,1.0,pilH-cyaB-fliC-,Liquid
1.0,pilH-cyaB-fliC-_2_Gasket_1_event19_tirf_RAW_Stack.tif,1952.0,255.0,255.0,255.0,50.55738,35.295590000000004,1.0,2070.0,2851.4058,5902410.0,2637.0,3197.0,106.40146,395.1343700000001,132.29849,256.0,2808.73047,719035.0,2653.0,3019.0,94.00685,1,0.0,360.47016,160.73599,256.0,2854.61719,730782.0,2653.0,3153.0,122.27347,1,0.0,0.99083,1.0,,,,,,,,pilH-cyaB-fliC-,Liquid
1.0,pilH-cyaB-fliC-_2_Gasket_1_event2_tirf_RAW_Stack.tif,1869.0,255.0,255.0,255.0,,,1.0,1997.0,1861.323,3717062.0,1693.0,2028.0,70.638,283.686,267.219,316.0,1850.794,584851.0,1750.0,1966.0,58.675,1,0.0,292.124,263.113,316.0,1867.877,590249.0,1750.0,2025.0,68.425,1,0.0,0.998,1.0,,,,,0.0,255.0,1.0,pilH-cyaB-fliC-,Liquid
1.0,pilH-cyaB-fliC-_2_Gasket_1_event20_tirf_RAW_Stack.tif,1470.0,255.0,255.0,255.0,32.71633,43.37483,1.0,1567.0,2870.62093,4498263.0,2629.0,3151.0,127.66721,201.77845,174.21507,208.0,2871.89423,597354.0,2690.0,3134.0,122.62841,0,0.0,185.08145,214.56501,208.0,2906.79808,604614.0,2713.0,3151.0,120.64299,1,0.0,1.0089,1.0,,,,,,,,pilH-cyaB-fliC-,Liquid
1.0,pilH-cyaB-fliC-_2_Gasket_1_event21_tirf_RAW_Stack.tif,1629.0,255.0,255.0,255.0,40.13352,38.94813,1.0,1739.0,2811.18689,4888654.0,2589.0,3193.0,116.08725,266.79637,307.52745,316.0,2806.61392,886890.0,2614.0,3193.0,162.24431,0,0.0,238.84922000000003,267.41482,316.0,2877.41456,909263.0,2725.0,3019.0,64.71762,1,0.0,1.01734,1.0,,,,,,,,pilH-cyaB-fliC-,Liquid
1.0,pilH-cyaB-fliC-_2_Gasket_1_event3_tirf_RAW_Stack.tif,1661.0,255.0,255.0,255.0,19.13817,48.31397,1.0,1769.0,2896.40814,5123746.0,2612.0,3323.0,142.80751999999998,232.85433,256.14622,225.0,2873.5511100000003,646549.0,2680.0,3124.0,138.42661,2,0.0,225.31221,246.83616,225.0,2924.76444,658072.0,2794.0,3120.0,81.84623,0,0.0,1.00127,1.0,,,,,,,,pilH-cyaB-fliC-,Liquid
1.0,pilH-cyaB-fliC-_2_Gasket_1_event5_tirf_RAW_Stack.tif,1600.0,255.0,255.0,255.0,26.84625,43.48875,1.0,1722.0,2960.76481,5098437.0,2714.0,3250.0,115.52622,293.2136,254.01382,293.0,2971.27645,870584.0,2795.0,3188.0,107.99773,0,0.0,278.45199,292.02405,293.0,2977.15358,872306.0,2795.0,3250.0,110.52735,0,0.0,1.0069,1.0,,,,,,,,pilH-cyaB-fliC-,Liquid
1.0,pilH-cyaB-fliC-_2_Gasket_1_event7_tirf_RAW_Stack.tif,1908.0,255.0,255.0,255.0,,,1.0,2026.0,3295.804,6677299.0,3046.0,3618.0,122.041,188.081,255.814,177.0,3204.565,567208.0,3071.0,3301.0,57.462,0,0.0,176.884,232.953,177.0,3277.0959999999995,580046.0,3168.0,3394.0,57.205,0,0.0,0.98,1.0,,,,,0.0,255.0,1.0,pilH-cyaB-fliC-,Liquid
1.0,pilH-cyaB-fliC-_2_Gasket_1_event9_tirf_RAW_Stack.tif,940.0,255.0,255.0,255.0,50.19574,23.21489,1.0,1065.0,3009.75493,3205389.0,2727.0,3501.0,158.79966000000002,285.88831,206.1209,225.0,3097.08444,696844.0,2807.0,3495.0,151.69238,2,0.0,290.98058,195.14563,225.0,3139.92444,706483.0,2790.0,3501.0,157.35758,0,0.0,1.06427,1.0,,,,,,,,pilH-cyaB-fliC-,Liquid
1.0,pilH-cyaB-fliC-_2_Gasket_0_event1_tirf_RAW_Stack.tif,1372.0,255.0,255.0,255.0,,,1.0,1464.0,2772.405,4058801.0,2511.0,3324.0,147.06799999999998,250.067,232.883,489.0,2773.503,1356243.0,2565.0,3003.0,118.142,1,0.0,257.378,269.835,489.0,2788.5240000000003,1363588.0,2536.0,3324.0,175.04,0,0.0,1.009,1.0,,,,,0.0,255.0,1.0,pilH-cyaB-fliC-,Liquid
1.0,pilH-cyaB-fliC-_2_Gasket_0_event11_tirf_RAW_Stack.tif,1454.0,255.0,255.0,255.0,,,1.0,1550.0,1342.6629999999998,2081127.0,1198.0,1590.0,74.848,265.968,344.32,177.0,1296.452,229472.0,1198.0,1441.0,76.127,0,0.0,259.838,336.996,177.0,1338.316,236882.0,1255.0,1434.0,48.114,0,0.0,0.976,1.0,,,,,0.0,255.0,1.0,pilH-cyaB-fliC-,Liquid
1.0,pilH-cyaB-fliC-_2_Gasket_0_event12_tirf_RAW_Stack.tif,1318.0,255.0,255.0,255.0,,,1.0,1410.0,3066.323,4323516.0,2799.0,3489.0,158.071,245.858,357.932,112.0,2968.241,332443.0,2840.0,3392.0,113.442,0,0.0,225.161,316.557,112.0,3111.652,348505.0,3001.0,3373.0,74.48100000000001,0,0.0,0.99,1.0,,,,,0.0,255.0,1.0,pilH-cyaB-fliC-,Liquid
1.0,pilH-cyaB-fliC-_2_Gasket_0_event2_tirf_RAW_Stack.tif,1537.0,255.0,255.0,255.0,,,1.0,1644.0,2852.357,4689275.0,2549.0,3227.0,142.983,237.03,216.689,225.0,2868.5959999999995,645434.0,2564.0,3218.0,152.27100000000002,1,0.0,208.344,249.294,225.0,2896.369,651683.0,2675.0,3227.0,147.379,0,0.0,1.015,1.0,,,,,0.0,255.0,1.0,pilH-cyaB-fliC-,Liquid
1.0,pilH-cyaB-fliC-_2_Gasket_0_event3_tirf_RAW_Stack.tif,1572.0,255.0,255.0,255.0,,,1.0,1673.0,2832.432,4738659.0,2539.0,3268.0,154.861,221.404,280.785,349.0,2841.653,991737.0,2588.0,3268.0,176.74,0,0.0,220.685,233.145,349.0,2868.507,1001109.0,2603.0,3112.0,102.801,0,0.0,1.014,1.0,,,,,0.0,255.0,1.0,pilH-cyaB-fliC-,Liquid
1.0,pilH-cyaB-fliC-_2_Gasket_0_event4_tirf_RAW_Stack.tif,2130.0,255.0,255.0,255.0,,,1.0,2254.0,2841.152,6403957.0,2466.0,3430.0,161.869,279.065,307.658,208.0,2752.212,572460.0,2466.0,3391.0,182.399,0,0.0,311.532,267.04200000000003,208.0,2885.476,600179.0,2668.0,3192.0,135.496,1,0.0,0.99,1.0,,,,,0.0,255.0,1.0,pilH-cyaB-fliC-,Liquid
1.0,pilH-cyaB-fliC-_2_Gasket_0_event5_tirf_RAW_Stack.tif,1617.0,255.0,255.0,255.0,,,1.0,1718.0,2913.97,5006201.0,2604.0,3659.0,182.769,190.437,264.818,137.0,2867.54,392853.0,2628.0,2969.0,101.214,0,0.0,174.958,305.928,137.0,2951.496,404355.0,2812.0,3315.0,130.653,0,0.0,0.998,1.0,,,,,0.0,255.0,1.0,pilH-cyaB-fliC-,Liquid
2.0,pilH-cyaB-fliC-_2_Gasket_0_event5_tirf_RAW_Stack.tif,1826.0,255.0,255.0,255.0,,,1.0,1941.0,2804.738,5443996.0,2287.0,3219.0,170.856,371.6230000000001,233.886,256.0,2830.8590000000004,724700.0,2546.0,3219.0,170.576,0,0.0,363.22,228.812,256.0,2855.305,730958.0,2592.0,3219.0,154.873,0,0.0,1.019,2.0,,,,,0.0,255.0,1.0,pilH-cyaB-fliC-,Liquid
1.0,pilH-cyaB-fliC-_2_Gasket_0_event6_tirf_RAW_Stack.tif,1904.0,255.0,255.0,255.0,,,1.0,2039.0,2826.353,5762933.0,2499.0,3198.0,152.623,275.189,280.579,256.0,2823.77,722885.0,2588.0,3158.0,177.884,4,0.0,281.579,272.797,256.0,2854.543,730763.0,2588.0,3198.0,160.575,3,0.0,1.006,1.0,,,,,0.0,255.0,1.0,pilH-cyaB-fliC-,Liquid
1.0,pilH-cyaB-fliC-_2_Gasket_0_event7_tirf_RAW_Stack.tif,1662.0,255.0,255.0,255.0,,,1.0,1799.0,2839.827,5108848.0,2327.0,3088.0,139.63,339.711,260.247,156.0,2842.981,443505.0,2668.0,3088.0,112.169,1,0.0,333.976,268.831,156.0,2861.526,446398.0,2669.0,3088.0,126.639,0,0.0,1.005,1.0,,,,,0.0,255.0,1.0,pilH-cyaB-fliC-,Liquid
1.0,pilH-cyaB-fliC-_2_Gasket_0_event8_tirf_RAW_Stack.tif,2212.0,255.0,255.0,255.0,,,1.0,2336.0,2870.068,6704478.0,2571.0,3186.0,130.268,314.878,297.645,349.0,2878.908,1004739.0,2673.0,3186.0,125.784,3,0.0,302.225,287.686,349.0,2915.436,1017487.0,2731.0,3047.0,90.165,0,0.0,1.014,1.0,,,,,0.0,255.0,1.0,pilH-cyaB-fliC-,Liquid
2.0,pilH-cyaB-fliC-_2_Gasket_0_event8_tirf_RAW_Stack.tif,2279.0,255.0,255.0,255.0,,,1.0,2410.0,2927.337,7054883.0,2552.0,3466.0,200.175,200.996,369.426,421.0,2905.76,1223325.0,2610.0,3428.0,213.101,0,0.0,198.907,373.038,421.0,2945.39,1240009.0,2636.0,3428.0,193.95,0,0.0,0.999,2.0,,,,,0.0,255.0,1.0,pilH-cyaB-fliC-,Liquid
1.0,pilH-cyaB-fliC-_2_Gasket_1_event1_tirf_RAW_Stack.tif,1261.0,255.0,255.0,255.0,43.604,28.586,1.0,1377.0,3092.76,4258730.0,2894.0,3328.0,100.282,249.324,248.967,112.0,3064.75,343252.0,2899.0,3193.0,99.665,1,0.0,247.7,266.92400000000004,112.0,3074.795,344377.0,2960.0,3248.0,82.84899999999999,0,0.0,0.991,1.0,,,,,,,,pilH-cyaB-fliC-,Liquid
1.0,pilH-cyaB-fliC-_2_Gasket_1_event10_tirf_RAW_Stack.tif,1860.0,255.0,255.0,255.0,,,1.0,1978.0,3024.907,5983266.0,2667.0,3373.0,141.82399999999998,287.485,311.946,448.0,3008.812,1347948.0,2783.0,3311.0,121.168,1,0.0,290.992,306.629,448.0,3019.607,1352784.0,2783.0,3311.0,123.952,0,0.0,0.994,1.0,,,,,0.0,255.0,1.0,pilH-cyaB-fliC-,Liquid
1.0,pilH-cyaB-fliC-_2_Gasket_1_event5_tirf_RAW_Stack.tif,1718.0,255.0,255.0,255.0,,,1.0,1827.0,3105.066,5672955.0,2882.0,3430.0,103.42,265.594,267.572,665.0,3111.15,2068915.0,2882.0,3430.0,114.441,0,0.0,254.872,248.452,665.0,3126.962,2079430.0,2885.0,3272.0,93.951,0,0.0,1.017,1.0,,,,,0.0,255.0,1.0,pilH-cyaB-fliC-,Liquid
1.0,pilH-cyaB-fliC-_2_Gasket_1_event9_tirf_RAW_Stack.tif,2448.0,255.0,255.0,255.0,,,1.0,2572.0,2832.441,7285038.0,2491.0,3141.0,112.781,310.482,113.326,384.0,2778.896,1067096.0,2596.0,3051.0,109.313,0,0.0,304.633,99.83,384.0,2802.982,1076345.0,2663.0,3037.0,69.638,0,0.0,0.979,1.0,,,,,0.0,255.0,1.0,pilH-cyaB-fliC-,Liquid
1.0,pilH-cyaB-fliC-_Gasket_0_event11_tirf_RAW_Stack.tif,1251.0,255.0,255.0,255.0,44.46483,25.68225,1.0,1365.0,2904.30916,3964382.0,2736.0,3055.0,76.50701,236.32201,216.02511,384.0,2880.63542,1106164.0,2742.0,3043.0,74.96455,0,0.0,246.8603,206.84173,384.0,2887.67448,1108867.0,2736.0,3055.0,91.23359,0,0.0,0.98427,1.0,,,,,,,,pilH-cyaB-fliC-,Liquid
2.0,pilH-cyaB-fliC-_Gasket_0_event11_tirf_RAW_Stack.tif,1307.0,255.0,255.0,255.0,40.85348,22.46327,1.0,1404.0,2868.48647,4027355.0,2670.0,3091.0,94.09014,231.12228,373.40727,97.0,2834.79381,274975.0,2738.0,2980.0,62.88497,0,0.0,209.70589,379.91761,97.0,2869.91753,278382.0,2693.0,2966.0,96.45408,0,0.0,0.99348,2.0,,,,,,,,pilH-cyaB-fliC-,Liquid
3.0,pilH-cyaB-fliC-_Gasket_0_event11_tirf_RAW_Stack.tif,900.0,255.0,255.0,255.0,33.30778,44.59111,1.0,1001.0,2898.94605,2901845.0,2705.0,3208.0,101.94806,294.71522000000004,148.78063999999998,256.0,2903.62109,743327.0,2761.0,3039.0,76.70837,3,0.0,305.93626,168.89841,256.0,2927.17188,749356.0,2746.0,3208.0,131.03636,2,0.0,1.01169,3.0,,,,,,,,pilH-cyaB-fliC-,Liquid
1.0,pilH-cyaB-fliC-_Gasket_0_event8_tirf_RAW_Stack.tif,1642.0,255.0,255.0,255.0,47.08587,38.665040000000005,1.0,1752.0,3503.49315,6138120.0,3238.0,3997.0,164.75748000000002,235.44048,244.00298,316.0,3475.82911,1098362.0,3273.0,3709.0,124.46669,2,0.0,271.45147000000003,225.01087,316.0,3572.70253,1128974.0,3296.0,3997.0,181.89266,0,0.0,1.00931,1.0,,,,,,,,pilH-cyaB-fliC-,Liquid
1.0,pilH-cyaB-fliC-_Gasket_0_event9_tirf_RAW_Stack.tif,1831.0,255.0,255.0,255.0,38.937470000000005,51.69771,1.0,1953.0,3269.94675,6386206.0,2948.0,3610.0,171.2072,239.30136,315.8271,349.0,3320.11748,1158721.0,3071.0,3610.0,158.60696000000002,2,0.0,236.07151,310.41019,349.0,3353.75645,1170461.0,3080.0,3610.0,156.77581,0,0.0,1.03225,1.0,,,,,,,,pilH-cyaB-fliC-,Liquid
1.0,PilH-CyaB-FliC-_Microchannels_0_event10_tirf_RAW_Stack.tif,2017.0,255.0,255.0,255.0,52.543130000000005,29.859440000000003,1.0,2144.0,2304.02799,4939836.0,2099.0,2601.0,92.941,370.57663,377.41972,225.0,2297.80889,517007.0,2144.0,2601.0,123.3258,2,0.0,314.08876000000004,390.28144,225.0,2315.79111,521053.0,2172.0,2505.0,95.03174,2,0.0,1.00152,1.0,,,,,,,,pilH-cyaB-fliC-,Liquid
1.0,PilH-CyaB-FliC-_Microchannels_1_event6_tirf_RAW_Stack.tif,1828.0,255.0,255.0,255.0,46.64606,26.94858,1.0,1945.0,2313.38509,4499534.0,2187.0,2543.0,55.31813,213.80712000000003,283.183,80.0,2261.9375,180955.0,2187.0,2381.0,48.74873,4,0.0,276.22629,295.3555,80.0,2281.6625,182533.0,2226.0,2422.0,46.40246,0,0.0,0.98044,1.0,,,,,,,,pilH-cyaB-fliC-,Liquid
1.0,PilH-CyaB-FliC-_Microchannel_0_event1_tirf_RAW_Stack.tif,1452.0,255.0,255.0,255.0,39.85124,26.15771,1.0,1554.0,2300.03411,3574253.0,2151.0,2534.0,68.14025,201.56265,274.11782,316.0,2296.51899,725700.0,2202.0,2409.0,48.86895,1,0.0,158.80705,279.63842,316.0,2325.19937,734763.0,2188.0,2534.0,95.81984,0,0.0,1.00796,1.0,,,,,,,,pilH-cyaB-fliC-,Liquid
1.0,PilH-CyaB-FliC-_Microchannel_0_event2_tirf_RAW_Stack.tif,1473.0,255.0,255.0,255.0,36.00849,41.46945,1.0,1571.0,1176.69064,1848581.0,1121.0,1248.0,24.23767,332.24319,258.16428,208.0,1159.1153800000002,241096.0,1121.0,1194.0,17.062720000000002,1,0.0,319.91567000000003,231.31215,208.0,1180.46154,245536.0,1125.0,1248.0,32.83156,0,0.0,0.99204,1.0,,,,,,,,pilH-cyaB-fliC-,Liquid
1.0,PilH-CyaB-FliC-_Microchannel_0_event4_tirf_RAW_Stack.tif,1639.0,255.0,255.0,255.0,32.81971,44.50671,1.0,1758.0,1164.85495,2047815.0,1101.0,1240.0,25.00905,332.01515,345.15566,112.0,1159.17857,129828.0,1106.0,1180.0,18.38145,4,0.0,331.28816,383.29388,112.0,1170.41071,131086.0,1135.0,1193.0,16.24783,0,0.0,0.99994,1.0,,,,,,,,pilH-cyaB-fliC-,Liquid
1.0,PilH-CyaB-FliC-_Microchannel_0_event6_tirf_RAW_Stack.tif,1743.0,255.0,255.0,255.0,29.32846,48.66638,1.0,1849.0,1200.42996,2219595.0,1139.0,1264.0,20.91463,224.77,276.49025,293.0,1199.30034,351395.0,1139.0,1264.0,32.15255,3,0.0,214.49551,279.97305,293.0,1212.61775,355297.0,1169.0,1262.0,19.03666,1,0.0,1.00676,1.0,,,,,,,,pilH-cyaB-fliC-,Liquid
1.0,PilH-CyaB-FliC-_Microchannel_0_event7_tirf_RAW_Stack.tif,1596.0,255.0,255.0,255.0,39.81767,43.23183,1.0,1705.0,1192.84164,2033795.0,1138.0,1254.0,27.83631,308.93666,151.57936,256.0,1201.60547,307611.0,1144.0,1253.0,30.72632,3,0.0,298.17065,150.48803999999998,256.0,1205.22266,308537.0,1162.0,1253.0,24.15199,0,0.0,1.01272,1.0,,,,,,,,pilH-cyaB-fliC-,Liquid
1.0,PilH-CyaB-FliC-_Microchannel_0_event8_tirf_RAW_Stack.tif,1399.0,255.0,255.0,255.0,34.97462,20.57505,1.0,1500.0,1214.44333,1821665.0,1150.0,1333.0,28.95653,263.09426,250.70507,316.0,1209.61709,382239.0,1181.0,1238.0,12.04946,2,0.0,302.35889,262.13398,316.0,1221.26266,385919.0,1150.0,1333.0,46.83857,0,0.0,1.00142,1.0,,,,,,,,pilH-cyaB-fliC-,Liquid
1.0,PilH-CyaB-FliC-_Microchannel_1_event1_tirf_RAW_Stack.tif,1421.0,255.0,255.0,255.0,44.17136,23.53026,1.0,1515.0,1193.75512,1808539.0,1094.0,1353.0,43.93793,314.58064,317.02822000000003,156.0,1187.57692,185262.0,1094.0,1235.0,39.65497,3,0.0,335.96995,299.35293,156.0,1199.69231,187152.0,1119.0,1353.0,62.07058000000001,0,0.0,0.99987,1.0,,,,,,,,pilH-cyaB-fliC-,Liquid
1.0,PilH-CyaB-FliC-_Microchannel_1_event3_tirf_RAW_Stack.tif,1624.0,255.0,255.0,255.0,28.621920000000003,51.04741,1.0,1733.0,1169.50721,2026756.0,1077.0,1287.0,47.01098,240.32833,223.65636,256.0,1163.40234,297831.0,1096.0,1234.0,31.05691,3,0.0,222.58124,270.17141000000004,256.0,1177.39844,301414.0,1083.0,1275.0,45.99571,1,0.0,1.00108,1.0,,,,,,,,pilH-cyaB-fliC-,Liquid
1.0,PilH-FliC-_Microfluidic_0_event1_tirf_RAW_Stack.tif,6.11342,255.0,255.0,255.0,49.33607,21.30149,1.0,109.20796,42.47583,4638.69852,25.0,64.0,6.87275,320.33448,181.36813,2.50095,39.66667,99.20418,32.0,47.0,6.103280000000001,7,0.0,349.88874,172.82551,2.50095,42.88889,107.26278,34.0,52.0,6.33333,10,0.0,0.97048,,,,,,,,,pilH-fliC-,Liquid
1.0,PilH-FliC-_Microfluidic_0_event2_tirf_RAW_Stack.tif,8.89225,255.0,255.0,255.0,48.81042,31.49697,1.0,64.19094,26.48918,1700.3652,8.0,42.0,6.9881,415.90022,391.49668,2.50095,29.11111,72.80530999999999,20.0,38.0,6.50854,10,0.0,407.12944,380.4944,2.50095,33.66667,84.19851,18.0,50.0,11.87434,14,0.0,1.20379,,,,,,,,,pilH-fliC-,Liquid
1.0,PilH-FliC-_Microfluidic_0_event5_tirf_RAW_Stack.tif,4.16824,255.0,255.0,255.0,32.70062,40.25638,1.0,351.52181,19.51937,6861.48348,0.0,56.0,10.51106,295.97044,317.98029,14.44991,27.211540000000003,393.20424,4.0,58.0,13.56226,5,0.0,316.01924,310.43267000000003,14.44991,29.65385,428.49536,19.0,47.0,5.47323,13,0.0,1.51876,,,,,,,,,pilH-fliC-,Liquid
1.0,PilH-FliC-_Microfluidic_0_event6_tirf_RAW_Stack.tif,15.00567,255.0,255.0,255.0,39.9069,11.70459,1.0,64.19094,22.98701,1475.5579699999998,16.0,28.0,2.35627,134.19901000000002,266.99007,3.33459,23.0,76.69566999999999,19.0,27.0,2.7961,13,0.0,141.00772,299.73649,3.33459,24.75,82.53121,23.0,27.0,1.3568,9,0.0,1.0433,,,,,,,,,pilH-fliC-,Liquid
1.0,PilH-FliC-_Microfluidic_0_event8_tirf_RAW_Stack.tif,4.44613,255.0,255.0,255.0,25.23711,11.95962,1.0,58.07751999999999,27.46411,1595.04759,5.0,68.0,11.89578,391.18994,200.98395,19.173920000000003,39.3913,755.2856,11.0,58.0,14.4479,6,0.0,398.00204,190.24936,19.173920000000003,45.26087,867.8281599999999,8.0,86.0,20.46924,12,0.0,-29.75398,,,,,,,,,pilH-fliC-,Liquid
1.0,PilH-FliC-_Microfluidic_1_event3_tirf_RAW_Stack.tif,6.11342,255.0,255.0,255.0,26.66879,7.06855,1.0,361.80348,36.49002,13202.21449,15.0,61.0,7.308689999999999,405.73836,353.96517,1.11153,43.0,47.79585,39.0,47.0,3.65148,10,0.0,321.59239,351.80565,1.11153,43.75,48.6295,39.0,47.0,3.94757,8,0.0,1.1900700000000002,,,,,,,,,pilH-fliC-,Liquid
1.0,PilH-FliC-_2_Microchannel_0_event1_tirf_RAW_Stack.tif,611.89805,255.0,255.0,255.0,49.26708,23.39456,1.0,706.6561,77.96893,55097.2233,0.0,188.0,42.13173,276.18842,312.55695,57.79963000000001,76.3125,4410.83458,0.0,214.0,54.389480000000006,8,0.0,414.53352,351.43061,57.79963000000001,90.85096,5251.15233,0.0,229.0,66.23806,7,0.0,1.0873,,,,,,,,,pilH-fliC-,Liquid
2.0,PilH-FliC-_2_Microchannel_0_event10_tirf_RAW_Stack.tif,10.00378,255.0,255.0,255.0,26.73801,26.13765,1.0,53.07563,246.90576,13104.67761,226.0,292.0,10.85558,175.27579,396.99228,160.33841,263.26863,42212.07314,210.0,320.0,20.72067,6,0.0,149.67014,446.28172,160.33841,294.80416,47268.42959,226.0,359.0,35.50667,14,0.0,0.97767,,,,,,,,,pilH-fliC-,Liquid
1.0,PilH-FliC-_2_Microchannel_0_event6_tirf_RAW_Stack.tif,8.33649,255.0,255.0,255.0,91.7234,3.47916,1.0,443.5010400000001,51.06516,22647.45277,0.0,166.0,34.87715,343.43675,351.74623,14.44991,67.5,975.36883,36.0,114.0,22.4661,10,0.0,357.3924,347.65264,14.44991,80.51923000000001,1163.49552,54.0,116.0,18.15887,13,0.0,1.4961799999999998,,,,,,,,,pilH-fliC-,Liquid
2.0,PilH-FliC-_2_Microchannel_0_event8_tirf_RAW_Stack-1.tif,1.6673,255.0,255.0,255.0,40.59024,1.31786,1.0,29.73347,91.86916,2731.58848,61.0,107.0,10.75199,177.98093,277.21174,3.33459,98.25,327.62389,91.0,106.0,4.97494,3,0.0,188.46104,278.46289,3.33459,98.75,329.29118,93.0,109.0,4.9013,8,0.0,1.09503,,,,,,,,,pilH-fliC-,Liquid
6.0,PilH-FliC-_2_Microchannel_0_event8_tirf_RAW_Stack-1.tif,10.55955,255.0,255.0,255.0,19.47666,1.91437,1.0,17.7845,63.5,1129.31593,54.0,86.0,7.274660000000001,351.51521,371.23971,3.33459,61.25,204.2439,54.0,68.0,4.73142,5,0.0,359.73541,369.49451,3.33459,62.33333,207.85638,57.0,71.0,4.29235,14,0.0,0.95764,,,,,,,,,pilH-fliC-,Liquid
1.0,PilH-FliC-_2_Microchannel_0_event9_tirf_RAW_Stack.tif,14.72779,255.0,255.0,255.0,51.42657,6.65895,1.0,88.92251,50.2125,4465.02173,6.0,88.0,15.0595,160.61561,386.61919,10.28167,55.56757,571.32715,48.0,62.0,3.46843,9,0.0,140.8769,386.08931,10.28167,63.89189,656.91507,52.0,80.0,7.77383,8,0.0,1.26146,,,,,,,,,pilH-fliC-,Liquid
1.0,PilH-FliC-_2_Microchannel_1_event1_tirf_RAW_Stack.tif,10.83743,255.0,255.0,255.0,37.55577,23.63371,1.0,45.572790000000005,79.7439,3634.15199,58.0,104.0,8.58992,349.58513,173.35836,8.89225,81.40625,723.88484,73.0,94.0,5.6845,14,0.0,330.48752,189.66248,8.89225,95.3125,847.5427099999999,77.0,115.0,10.66328,10,0.0,1.19035,,,,,,,,,pilH-fliC-,Liquid
2.0,PilH-FliC-_2_Microchannel_1_event2_tirf_RAW_Stack.tif,3.61248,255.0,255.0,255.0,43.81394,29.986490000000003,1.0,91.97923,95.43202,8777.763659999999,78.0,118.0,7.41522,198.275,299.32267,8.89225,97.6875,868.66181,83.0,131.0,12.65533,12,0.0,275.05939,297.45771,8.89225,102.375,910.34424,91.0,113.0,6.63203,12,0.0,1.06044,,,,,,,,,pilH-fliC-,Liquid
1.0,PilH-FliC-_2_Microchannel_1_event5_tirf_RAW_Stack.tif,6.11342,255.0,255.0,255.0,11.16591,21.8526,1.0,20.84121,78.04,1626.44836,52.0,94.0,10.7067,347.74885,329.12173,5.83554,70.66667,412.37816,52.0,103.0,15.65035,8,0.0,354.2,338.65,5.83554,87.66667,511.58234,73.0,123.0,14.068879999999998,8,0.0,1.0334299999999998,,,,,,,,,pilH-fliC-,Liquid
1.0,PilH-FliC-_3_Microchannel_0_event1_tirf_RAW_Stack.tif,28.0,255.0,255.0,255.0,125.71429,31.0,1.0,147.0,529.59184,77850.0,509.0,555.0,8.417,250.00913,414.93695,2053.0,556.6717,1142847.0,439.0,658.0,34.405770000000004,6,0.0,252.83401,415.49118,2053.0,561.10765,1151954.0,439.0,665.0,36.1645,11,0.0,0.99806,,,,,,,,,pilH-fliC-,Liquid
1.0,PilH-FliC-_3_Microchannel_0_event4_tirf_RAW_Stack.tif,79.0,255.0,255.0,255.0,139.14557,83.84177,1.0,423.0,183.1182,77459.0,120.0,246.0,16.06932,220.61341,283.30267000000003,112.0,195.29464,21873.0,176.0,210.0,7.07188,7,0.0,232.90565,267.89228,112.0,197.69643,22142.0,172.0,219.0,10.31035,10,0.0,1.1692,,,,,,,,,pilH-fliC-,Liquid
1.0,PilH-FliC-_3_Microchannel_1_event3_tirf_RAW_Stack.tif,10.0,255.0,255.0,255.0,70.0,20.5,1.0,36.0,271.41667,9771.0,263.0,284.0,4.42961,340.11765,247.94131,4421.0,288.34517,1274774.0,98.0,529.0,67.48354,8,0.0,340.61794,248.19073,4421.0,288.44764,1275227.0,108.0,529.0,67.52161,8,0.0,0.99976,,,,,,,,,pilH-fliC-,Liquid
2.0,PilH-FliC-_3_Microchannel_1_event4_tirf_RAW_Stack.tif,19.0,255.0,255.0,255.0,131.34211000000002,81.81579,1.0,45.0,551.1555599999999,24802.0,538.0,564.0,5.35535,389.59471,351.2143,448.0,563.8058,252585.0,521.0,609.0,19.06155,9,0.0,391.63486,350.63186,448.0,565.41295,253305.0,521.0,609.0,18.683670000000003,8,0.0,0.99874,,,,,,,,,pilH-fliC-,Liquid
4.0,PilH-FliC-_3_Microchannel_1_event4_tirf_RAW_Stack.tif,105.0,255.0,255.0,255.0,141.74761999999998,21.65238,1.0,392.0,571.88265,224178.0,546.0,606.0,8.968919999999999,456.60841,278.43648,12.0,568.8333299999999,6826.0,561.0,575.0,5.11386,6,0.0,450.97659,258.71832,12.0,577.6666700000001,6932.0,573.0,582.0,3.05505,8,0.0,1.00255,,,,,,,,,pilH-fliC-,Liquid
1.0,PilH-FliC-_3_Microchannel_1_event6_tirf_RAW_Stack.tif,500.0,255.0,255.0,255.0,76.496,109.334,1.0,610.0,317.5,193675.0,218.0,455.0,49.46758,270.94132,312.77262,37.0,340.2973,12591.0,296.0,371.0,22.6665,11,0.0,296.62368,244.06722,37.0,347.51351,12858.0,293.0,419.0,37.7511,6,0.0,1.09575,,,,,,,,,pilH-fliC-,Liquid
,"PilH-FliC-_1,1msExp_Gasket_0_event4",,,,,,,,,,,,,,,,,,,,,,12,,,,,,,,,,8,,,,,,,,,,,pilH-fliC-,Liquid
,"PilH-FliC-_1,1msExp_Gasket_1_event1",,,,,,,,,,,,,,,,,,,,,,15,,,,,,,,,,10,,,,,,,,,,,pilH-fliC-,Liquid
,"PilH-FliC-_1,1msExp_Gasket_1_event2",,,,,,,,,,,,,,,,,,,,,,10,,,,,,,,,,11,,,,,,,,,,,pilH-fliC-,Liquid
,PilH-FliC-_1.2msExp_Flow0.3ul_Fast_1_event1,,,,,,,,,,,,,,,,,,,,,,7,,,,,,,,,,6,,,,,,,,,,,pilH-fliC-,Liquid
,PilH-FliC-_1.5msExp_Flow0.3ul_0_event2,,,,,,,,,,,,,,,,,,,,,,13,,,,,,,,,,9,,,,,,,,,,,pilH-fliC-,Liquid
,"pilH-FliC-_1,1msExp_Gasket_2_event1",,,,,,,,,,,,,,,,,,,,,,9,,,,,,,,,,6,,,,,,,,,,,pilH-fliC-,Liquid
,"pilH-FliC-_1,1msExp_Gasket_1_event2",,,,,,,,,,,,,,,,,,,,,,8,,,,,,,,,,12,,,,,,,,,,,pilH-fliC-,Liquid
,"pilH-FliC-_1,1msExp_Gasket_3_event1",,,,,,,,,,,,,,,,,,,,,,7,,,,,,,,,,9,,,,,,,,,,,pilH-fliC-,Liquid
,PilH-FliC-_1.2msExp_MicroFlu_150fpsMovie_Flow0ul_0_event1,,,,,,,,,,,,,,,,,,,,,,9,,,,,,,,,,8,,,,,,,,,,,pilH-fliC-,Liquid
,PilH-FliC-_1.2msExp_MicroFlu_150fpsMovie_Flow1ul_2_event2,,,,,,,,,,,,,,,,,,,,,,11,,,,,,,,,,12,,,,,,,,,,,pilH-fliC-,Liquid
,PilH-FliC-_1.2msExp_MicroFlu_Flow0ul_0_event1,,,,,,,,,,,,,,,,,,,,,,8,,,,,,,,,,8,,,,,,,,,,,pilH-fliC-,Liquid
,"PilH-FliC-_1,2msExp_NoFlow_2_event1",,,,,,,,,,,,,,,,,,,,,,5,,,,,,,,,,4,,,,,,,,,,,pilH-fliC-,Liquid
1.0,PilH-FliC-_Gasket_0_event1_tirf_RAW_Stack.tif,1747.0,255.0,255.0,255.0,59.83028,23.30366,1.0,1865.0,3307.8681,6169174.0,2937.0,3746.0,188.33529,167.97491000000002,195.34138,421.0,3301.50356,1389933.0,3003.0,3567.0,141.92428999999998,10,0.0,235.99829,196.10017,421.0,3323.18527,1399061.0,2993.0,3645.0,174.67537,13,0.0,1.00247,,,,,,,,,pilH-fliC-,Liquid
1.0,pilH-fliC-_PaQa_solid_0_event2_tirf_RAW_Stack.tif,2560.0,255.0,255.0,255.0,87.25195,33.47227,1.0,2740.0,3209.95766,8795284.0,1400.0,3759.0,687.3552,233.75458,190.9782,316.0,2950.0601300000003,932219.0,1045.0,3752.0,897.4617099999999,10,0.0,354.32362,217.66919,316.0,3004.0981,949295.0,1005.0,3759.0,882.35101,10,0.0,0.90771,,,,,,,,,pilH-fliC-,Solid
1.0,pilH-fliC-_PaQa_solid_0_event4_tirf_RAW_Stack.tif,1327.0,255.0,255.0,255.0,58.888090000000005,34.111909999999995,1.0,1445.0,3171.37993,4582644.0,1386.0,3797.0,756.7371400000001,414.08037,170.23037,256.0,2734.8125,700112.0,746.0,3797.0,1017.82676,9,0.0,349.16039,193.43802,256.0,2905.67969,743854.0,1273.0,3783.0,913.50452,5,0.0,0.83834,,,,,,,,,pilH-fliC-,Solid
1.0,pilH-fliC-_PaQa_solid_1_event5_tirf_RAW_Stack.tif,1438.0,255.0,255.0,255.0,71.40473,24.42211,1.0,1565.0,3288.38211,5146318.0,1121.0,3793.0,703.4691,318.47316,238.76657000000003,208.0,2972.26923,618232.0,926.0,3785.0,975.65164,9,0.0,406.48535,225.94845,208.0,3105.83654,646014.0,888.0,3793.0,949.9306,8,0.0,0.89949,,,,,,,,,pilH-fliC-,Solid
1.0,pilH-fliC-_liq_Microchannel_0_event1_tirf_RAW_Stack.tif,783.0,255.0,255.0,255.0,29.71328,58.07216,1.0,943.0,2640.28102,2489785.0,2381.0,3017.0,151.78796,265.33169,166.94408,37.0,2671.32432,98839.0,2548.0,2735.0,51.06372,7,0.0,243.74534,221.69919,37.0,2686.72973,99409.0,2500.0,2983.0,142.60193999999998,9,0.0,1.01594,1.0,,,,,,,,pilH-fliC-,Liquid
1.0,pilH-fliC-_liq_Microchannel_0_event3_tirf_RAW_Stack.tif,1682.0,255.0,255.0,255.0,58.73008000000001,48.30499,1.0,1882.0,2838.25983,5341605.0,2481.0,3212.0,136.97251,229.80662,292.45479,112.0,2578.27679,288767.0,2466.0,2745.0,58.55976999999999,7,0.0,295.76184,237.77686,112.0,2841.13393,318207.0,2729.0,2988.0,71.74674,9,0.0,0.9489,1.0,,,,,,,,pilH-fliC-,Liquid
1.0,pilH-fliC-_liq_Microchannel_flow_0_event1_tirf_RAW_Stack.tif,3127.0,255.0,255.0,255.0,41.234,75.536,1.0,3318.0,1561.22,5180128.0,1283.0,1991.0,118.888,205.529,108.958,137.0,1407.927,192886.0,1283.0,1595.0,71.938,10,0.0,190.326,190.985,137.0,1567.869,214798.0,1498.0,1765.0,65.37100000000001,6,0.0,0.949,1.0,,,,,,,,pilH-fliC-,Liquid
2.0,pilH-fliC-_liq_Microchannel_flow_0_event1_tirf_RAW_Stack.tif,0.0,0.0,0.0,0.0,0.0,0.0,1.0,1466.0,1537.09,2253374.0,1255.0,1742.0,95.33,333.48400000000004,224.011,156.0,1481.622,231133.0,1305.0,1622.0,67.41,9,0.0,320.36,270.627,156.0,1609.391,251065.0,1452.0,1742.0,82.831,7,0.0,1.007,2.0,,,,,,,,pilH-fliC-,Liquid
1.0,pilH-fliC-_liq_Microchannel_flow_0_event2_tirf_RAW_Stack.tif,1314.0,255.0,255.0,255.0,,,1.0,1421.0,1627.813,2313122.0,1449.0,1829.0,84.294,263.091,262.866,256.0,1611.703,412596.0,1485.0,1829.0,90.739,8,0.0,260.257,272.723,256.0,1646.0739999999998,421395.0,1535.0,1829.0,77.343,5,0.0,1.001,1.0,,,,,0.0,255.0,1.0,pilH-fliC-,Liquid
1.0,pilH-fliC-_liq_Microchannel_flow_0_event3_tirf_RAW_Stack.tif,1326.0,255.0,255.0,255.0,,,1.0,1431.0,1724.114,2467207.0,1536.0,2033.0,95.814,302.606,290.228,97.0,1683.608,163310.0,1581.0,1814.0,64.462,4,0.0,279.593,278.42,97.0,1700.351,164934.0,1615.0,1840.0,62.465,11,0.0,0.979,1.0,,,,,0.0,255.0,1.0,pilH-fliC-,Liquid
1.0,pilH-fliC-_liq_Microchannel_flow_0_event4_tirf_RAW_Stack.tif,659.0,255.0,255.0,255.0,,,1.0,745.0,1762.7879999999998,1313277.0,1622.0,1896.0,70.367,291.284,291.303,52.0,1743.0770000000002,90640.0,1647.0,1835.0,59.265,10,0.0,300.724,286.073,52.0,1753.404,91177.0,1674.0,1812.0,47.298,11,0.0,0.99,1.0,,,,,0.0,255.0,1.0,pilH-fliC-,Liquid
1.0,pilH-fliC-_liq_Microchannel_flow_0_event5_tirf_RAW_Stack.tif,1321.0,255.0,255.0,255.0,,,1.0,1455.0,1806.448,2628382.0,1656.0,1960.0,71.671,382.612,171.835,97.0,1775.649,172238.0,1677.0,1870.0,46.705,11,0.0,335.68300000000005,206.253,97.0,1807.258,175304.0,1717.0,1886.0,38.016,10,0.0,0.99,1.0,,,,,0.0,255.0,1.0,pilH-fliC-,Liquid
2.0,pilH-fliC-_liq_Microchannel_flow_0_event5_tirf_RAW_Stack.tif,1170.0,255.0,255.0,255.0,,,1.0,1362.0,1814.244,2471001.0,1655.0,2074.0,77.465,264.598,320.45,52.0,1717.7879999999998,89325.0,1656.0,1791.0,33.852,7,0.0,244.46,294.203,52.0,1796.0770000000002,93396.0,1700.0,1906.0,56.67,6,0.0,0.966,2.0,,,,,0.0,255.0,1.0,pilH-fliC-,Liquid
1.0,pilH-fliC-_liq_Microchannel_flow_0_event6_tirf_RAW_Stack.tif,2826.0,255.0,255.0,255.0,46.1695,56.71726999999999,1.0,3111.0,1859.03118,5783446.0,1632.0,2126.0,81.7823,266.19734,294.67469,37.0,1867.64865,69103.0,1817.0,1921.0,32.15865,7,0.0,252.34417,295.59655,37.0,1978.35135,73199.0,1935.0,2024.0,22.60926,6,0.0,1.03528,1.0,,,,,,,,pilH-fliC-,Liquid
1.0,pilH-fliC-_liq_Microchannel_flow_1_event10_tirf_RAW_Stack.tif,593.0,255.0,255.0,255.0,,,1.0,700.0,1402.0,981400.0,1142.0,1572.0,90.265,347.45,240.626,37.0,1393.243,51550.0,1351.0,1460.0,29.6,6,0.0,356.159,240.137,37.0,1484.703,54934.0,1417.0,1551.0,41.782,6,0.0,1.03,1.0,,,,,0.0,255.0,1.0,pilH-fliC-,Liquid
2.0,pilH-fliC-_liq_Microchannel_flow_1_event10_tirf_RAW_Stack.tif,462.0,255.0,255.0,255.0,,,1.0,586.0,1415.4779999999998,829470.0,1239.0,1568.0,64.153,381.061,177.688,37.0,1388.6760000000002,51381.0,1304.0,1471.0,52.29600000000001,8,0.0,394.066,170.294,37.0,1491.351,55180.0,1419.0,1541.0,33.463,6,0.0,1.02,2.0,,,,,0.0,255.0,1.0,pilH-fliC-,Liquid
1.0,pilH-fliC-_liq_Microchannel_flow_1_event11_tirf_RAW_Stack.tif,5123.0,255.0,255.0,255.0,,,1.0,5389.0,1406.065,7577283.0,1281.0,1550.0,44.565,379.2480000000001,237.391,80.0,1409.95,112796.0,1360.0,1506.0,27.118,8,0.0,365.457,248.59,80.0,1421.975,113758.0,1371.0,1450.0,18.606,9,0.0,1.007,1.0,,,,,0.0,255.0,1.0,pilH-fliC-,Liquid
1.0,pilH-fliC-_liq_Microchannel_flow_1_event12_tirf_RAW_Stack.tif,2202.0,255.0,255.0,255.0,,,1.0,2385.0,1508.534,3597853.0,1336.0,1742.0,83.8,236.859,143.37,177.0,1464.7179999999998,259255.0,1396.0,1550.0,39.977,8,0.0,209.951,170.145,177.0,1504.266,266255.0,1437.0,1611.0,46.589,6,0.0,0.981,1.0,,,,,0.0,255.0,1.0,pilH-fliC-,Liquid
1.0,pilH-fliC-_liq_Microchannel_flow_1_event13_tirf_RAW_Stack.tif,742.0,255.0,255.0,255.0,,,1.0,885.0,2743.2140000000004,2427744.0,2543.0,2983.0,103.197,295.565,167.537,52.0,2792.615,145216.0,2652.0,2922.0,56.661,8,0.0,233.208,200.034,52.0,2842.9040000000005,147831.0,2685.0,2944.0,78.985,10,0.0,1.031,1.0,,,,,0.0,255.0,1.0,pilH-fliC-,Liquid
1.0,pilH-fliC-_liq_Microchannel_flow_1_event14_tirf_RAW_Stack.tif,3530.0,255.0,255.0,255.0,,,1.0,3793.0,2776.166,10529999.0,2515.0,2998.0,77.729,296.416,117.274,316.0,2739.377,865643.0,2619.0,2901.0,73.503,9,0.0,326.933,118.377,316.0,2796.171,883590.0,2658.0,2944.0,60.209,8,0.0,0.996,1.0,,,,,0.0,255.0,1.0,pilH-fliC-,Liquid
2.0,pilH-fliC-_liq_Microchannel_flow_1_event14_tirf_RAW_Stack.tif,2387.0,255.0,255.0,255.0,,,1.0,2548.0,2845.348,7249947.0,2536.0,3277.0,139.935,293.631,410.302,384.0,2811.737,1079707.0,2536.0,3126.0,130.69799999999998,10,0.0,199.417,396.371,384.0,2970.695,1140747.0,2720.0,3277.0,110.93,11,0.0,1.023,2.0,,,,,0.0,255.0,1.0,pilH-fliC-,Liquid
1.0,pilH-fliC-_liq_Microchannel_flow_1_event15_tirf_RAW_Stack.tif,2109.0,255.0,255.0,255.0,,,1.0,2270.0,2972.415,6747383.0,2718.0,3251.0,116.712,202.622,252.482,421.0,2934.85,1235572.0,2816.0,3020.0,47.019,8,0.0,152.531,298.442,421.0,2998.401,1262327.0,2795.0,3214.0,103.148,6,0.0,0.997,1.0,,,,,0.0,255.0,1.0,pilH-fliC-,Liquid
2.0,pilH-fliC-_liq_Microchannel_flow_1_event15_tirf_RAW_Stack.tif,3235.0,255.0,255.0,255.0,,,1.0,3435.0,2941.6,10104395.0,2664.0,3278.0,125.074,385.108,378.302,349.0,2900.135,1012147.0,2763.0,2997.0,54.609,8,0.0,332.55,399.0630000000001,349.0,2959.5040000000004,1032867.0,2711.0,3236.0,117.088,6,0.0,0.995,2.0,,,,,0.0,255.0,1.0,pilH-fliC-,Liquid
1.0,pilH-fliC-_liq_Microchannel_flow_1_event2_tirf_RAW_Stack.tif,5583.0,255.0,255.0,255.0,,,1.0,5818.0,1687.594,9818424.0,1598.0,1756.0,31.081,225.417,350.611,448.0,1688.174,756302.0,1638.0,1732.0,20.809,8,0.0,224.689,330.825,448.0,1701.875,762440.0,1646.0,1733.0,20.148,7,0.0,1.005,1.0,,,,,0.0,255.0,1.0,pilH-fliC-,Liquid
1.0,pilH-fliC-_liq_Microchannel_flow_1_event3_tirf_RAW_Stack.tif,2027.0,255.0,255.0,255.0,,,1.0,2166.0,1674.189,3626294.0,1474.0,1966.0,122.515,172.19400000000002,332.32300000000004,97.0,1540.485,149427.0,1474.0,1658.0,50.613,10,0.0,166.69400000000002,358.55400000000003,97.0,1611.5770000000002,156323.0,1546.0,1755.0,51.54,1,0.0,0.936,1.0,,,,,0.0,255.0,1.0,pilH-fliC-,Liquid
1.0,pilH-fliC-_liq_Microchannel_flow_1_event6_tirf_RAW_Stack.tif,5107.0,255.0,255.0,255.0,,,1.0,5430.0,1488.071,8080225.0,1346.0,1608.0,41.755,265.865,303.183,225.0,1491.338,335551.0,1403.0,1535.0,27.828000000000003,9,0.0,280.991,288.027,225.0,1515.2579999999998,340933.0,1475.0,1568.0,21.189,9,0.0,1.011,1.0,,,,,0.0,255.0,1.0,pilH-fliC-,Liquid
1.0,pilH-fliC-_liq_Microchannel_flow_1_event7_tirf_RAW_Stack.tif,5440.0,255.0,255.0,255.0,,,1.0,5639.0,1401.318,7902033.0,1243.0,1585.0,55.177,448.258,135.634,112.0,1431.812,160363.0,1391.0,1465.0,22.862,7,0.0,444.131,140.017,112.0,1434.973,160717.0,1391.0,1473.0,21.643,8,0.0,1.024,1.0,,,,,0.0,255.0,1.0,pilH-fliC-,Liquid
2.0,pilH-fliC-_liq_Microchannel_flow_1_event7_tirf_RAW_Stack.tif,349.0,255.0,255.0,255.0,,,1.0,509.0,1415.308,720392.0,1258.0,1686.0,90.931,237.469,179.449,112.0,1313.071,147064.0,1256.0,1395.0,35.666,9,0.0,224.658,167.548,112.0,1420.509,159097.0,1327.0,1500.0,42.786,6,0.0,0.94,2.0,,,,,0.0,255.0,1.0,pilH-fliC-,Liquid
1.0,pilH-fliC-_liq_Microchannel_flow_1_event8_tirf_RAW_Stack.tif,1258.0,255.0,255.0,255.0,,,1.0,1355.0,1412.928,1914517.0,788.0,2889.0,350.725,256.605,131.463,112.0,1415.116,158493.0,1171.0,1547.0,107.945,7,0.0,263.89,128.40200000000002,112.0,1449.027,162291.0,1129.0,1552.0,102.026,8,0.0,1.016,1.0,,,,,0.0,255.0,1.0,pilH-fliC-,Liquid
1.0,pilH-fliC-_liq_Microchannel_flow_2_event10_tirf_RAW_Stack.tif,82.0,255.0,255.0,255.0,,,1.0,1015.0,2784.651,2826421.0,2513.0,3011.0,108.779,266.22,257.743,97.0,2805.361,272120.0,2674.0,2909.0,59.33,8,0.0,235.077,297.312,97.0,2858.3920000000003,277264.0,2660.0,2969.0,88.48100000000001,5,0.0,1.021,1.0,,,,,0.0,255.0,1.0,pilH-fliC-,Liquid
1.0,pilH-fliC-_liq_Microchannel_flow_2_event12_tirf_RAW_Stack.tif,2219.0,255.0,255.0,255.0,,,1.0,2382.0,2811.548,6697107.0,2591.0,3110.0,114.683,307.802,314.494,421.0,2790.2140000000004,1174680.0,2614.0,2942.0,79.69,9,0.0,283.155,396.904,421.0,2875.409,1210547.0,2622.0,3110.0,111.643,7,0.0,1.012,1.0,,,,,0.0,255.0,1.0,pilH-fliC-,Liquid
1.0,pilH-fliC-_liq_Microchannel_flow_2_event13_tirf_RAW_Stack.tif,5303.0,255.0,255.0,255.0,,,1.0,5462.0,2768.085,15119282.0,2528.0,2947.0,72.545,303.939,247.83,616.0,2789.492,1718327.0,2711.0,2885.0,25.822,9,0.0,303.698,200.834,616.0,2820.6020000000003,1737491.0,2682.0,2947.0,57.462,8,0.0,1.017,1.0,,,,,0.0,255.0,1.0,pilH-fliC-,Liquid
1.0,pilH-fliC-_liq_Microchannel_flow_2_event14_tirf_RAW_Stack.tif,361.0,255.0,255.0,255.0,,,1.0,541.0,2735.394,1479848.0,2281.0,3050.0,171.29,336.027,227.355,112.0,2644.777,296215.0,2281.0,2930.0,201.478,10,0.0,346.7,233.751,112.0,2725.196,305222.0,2362.0,2898.0,127.384,6,0.0,0.969,1.0,,,,,0.0,255.0,1.0,pilH-fliC-,Liquid
1.0,pilH-fliC-_liq_Microchannel_flow_2_event15_tirf_RAW_Stack.tif,59.0,255.0,255.0,255.0,,,1.0,484.0,2886.019,1396833.0,2677.0,3144.0,112.99,173.888,282.112,37.0,2919.216,108011.0,2822.0,3059.0,81.757,6,0.0,162.15,281.673,37.0,2977.4590000000003,110166.0,2871.0,3125.0,84.64399999999999,7,0.0,1.026,1.0,,,,,0.0,255.0,1.0,pilH-fliC-,Liquid
1.0,pilH-fliC-_liq_Microchannel_flow_2_event17_tirf_RAW_Stack.tif,1885.0,255.0,255.0,255.0,,,1.0,2025.0,2785.788,5641221.0,2621.0,2983.0,61.901,267.05,306.983,137.0,2745.8390000000004,376180.0,2642.0,2955.0,61.836000000000006,9,0.0,266.325,345.956,137.0,2771.46,379690.0,2662.0,2886.0,72.685,7,0.0,0.989,1.0,,,,,0.0,255.0,1.0,pilH-fliC-,Liquid
1.0,pilH-fliC-_liq_Microchannel_flow_2_event18_tirf_RAW_Stack.tif,1699.0,255.0,255.0,255.0,,,1.0,1838.0,2780.159,5109932.0,2586.0,3031.0,92.279,297.15,349.62800000000004,80.0,2738.863,219109.0,2638.0,2833.0,70.384,8,0.0,292.411,363.289,80.0,2791.175,223294.0,2704.0,2954.0,56.721,7,0.0,0.994,1.0,,,,,0.0,255.0,1.0,pilH-fliC-,Liquid
1.0,pilH-fliC-_liq_Microchannel_flow_2_event19_tirf_RAW_Stack.tif,156.0,255.0,255.0,255.0,,,1.0,339.0,2671.437,905617.0,2266.0,3041.0,191.621,336.271,296.845,97.0,2667.402,258738.0,2568.0,2815.0,79.127,9,0.0,329.176,286.974,97.0,2698.309,261736.0,2599.0,2806.0,56.04600000000001,8,0.0,1.01,1.0,,,,,0.0,255.0,1.0,pilH-fliC-,Liquid
3.0,pilH-fliC-_liq_Microchannel_flow_2_event19_tirf_RAW_Stack.tif,1560.0,255.0,255.0,255.0,,,1.0,1698.0,2935.337,4984203.0,2632.0,3250.0,153.835,189.006,385.826,137.0,2884.547,395183.0,2684.0,3237.0,162.66899999999998,9,0.0,185.383,439.767,137.0,2935.226,402126.0,2681.0,3206.0,178.65200000000002,10,0.0,0.99,2.0,,,,,0.0,255.0,1.0,pilH-fliC-,Liquid
1.0,pilH-fliC-_liq_Microchannel_flow_2_event20_tirf_RAW_Stack.tif,1475.0,255.0,255.0,255.0,,,1.0,1619.0,2746.16,4446033.0,2501.0,3219.0,132.447,309.84,232.325,156.0,2725.917,425243.0,2549.0,2894.0,114.218,11,0.0,279.926,289.523,156.0,2782.429,434059.0,2607.0,2948.0,79.408,7,0.0,1.004,1.0,,,,,0.0,255.0,1.0,pilH-fliC-,Liquid
1.0,pilH-fliC-_liq_Microchannel_flow_2_event6_tirf_RAW_Stack.tif,2231.0,255.0,255.0,255.0,72.69139,45.6636,1.0,2435.0,2823.40534,6874992.0,2576.0,3117.0,99.99306,289.89755,310.413,225.0,2787.9333300000003,627285.0,2581.0,3034.0,118.12388,8,0.0,260.11634,322.6148,225.0,2791.57778,628105.0,2631.0,2932.0,84.56736,8,0.0,0.98542,1.0,,,,,,,,pilH-fliC-,Liquid
1.0,pilH-fliC-_liq_Microchannel_flow_2_event7_tirf_RAW_Stack.tif,2293.0,255.0,255.0,255.0,56.89555,33.87942,1.0,2435.0,2877.44312,7006574.0,2593.0,3588.0,206.34861,407.594,248.86571,137.0,2791.13869,382386.0,2643.0,3005.0,93.81248,8,0.0,460.02592,212.89422,137.0,2799.84672,383579.0,2684.0,3001.0,88.57814,4,0.0,0.96802,1.0,,,,,,,,pilH-fliC-,Liquid
2.0,pilH-fliC-_liq_Microchannel_flow_2_event7_tirf_RAW_Stack.tif,1458.0,255.0,255.0,255.0,53.49383,57.91427,1.0,1582.0,2898.29077,4585096.0,2620.0,3253.0,123.31203,212.36827,256.93505,225.0,2916.99111,656323.0,2774.0,3006.0,69.91468,10,0.0,208.45906,260.08047,225.0,2926.29778,658417.0,2745.0,3006.0,63.87498000000001,9,0.0,1.0113,2.0,,,,,,,,pilH-fliC-,Liquid
3.0,pilH-fliC-_liq_Microchannel_flow_2_event7_tirf_RAW_Stack.tif,1747.0,255.0,255.0,255.0,32.64825,46.51717,1.0,1872.0,2791.43536,5225567.0,1909.0,4095.0,569.78937,302.73613,197.38328,80.0,2663.3125,213065.0,2280.0,3102.0,235.93587,6,0.0,290.36211000000003,202.17023,80.0,2998.6625,239893.0,2287.0,3292.0,290.441,11,0.0,1.01551,3.0,,,,,,,,pilH-fliC-,Liquid
1.0,pilH-fliC-_liq_Microchannel_flow_2_event8_tirf_RAW_Stack.tif,2058.0,255.0,255.0,255.0,,,1.0,2229.0,2822.768,6291949.0,2584.0,3097.0,119.621,112.194,142.224,177.0,2722.893,481952.0,2584.0,2936.0,86.62799999999999,8,0.0,59.887,209.06,177.0,2901.39,513546.0,2725.0,3097.0,94.586,7,0.0,0.996,1.0,,,,,0.0,255.0,1.0,pilH-fliC-,Liquid
2.0,pilH-fliC-_liq_Microchannel_flow_2_event8_tirf_RAW_Stack.tif,1889.0,255.0,255.0,255.0,,,1.0,2034.0,2750.29,5594090.0,2505.0,3028.0,110.293,321.08,370.81,256.0,2778.2070000000003,711221.0,2583.0,3023.0,126.608,7,0.0,336.54900000000004,365.781,256.0,2790.777,714439.0,2621.0,2972.0,113.237,6,0.0,1.017,2.0,,,,,0.0,255.0,1.0,pilH-fliC-,Liquid
1.0,pilH-fliC-_liq_Microchannel_flow_2_event9_tirf_RAW_Stack.tif,1066.0,255.0,255.0,255.0,,,1.0,1186.0,3014.25,3574901.0,2564.0,3279.0,163.023,193.281,244.083,137.0,2904.599,397930.0,2773.0,3158.0,107.048,7,0.0,213.322,279.906,137.0,3166.701,433838.0,3058.0,3279.0,72.929,9,0.0,1.009,1.0,,,,,0.0,255.0,1.0,pilH-fliC-,Liquid
1.0,fliC-_PaQa_Gasket_0_event11_tirf_RAW_Stack.tif,624.0,255.0,255.0,255.0,12.85256,36.78526,1.0,698.0,997.17049,696025.0,471.0,1477.0,248.53391,151.1085,311.98236,137.0,830.44526,113771.0,226.0,1242.0,290.32953,2,0.0,144.00009,267.00055,137.0,924.18248,126613.0,447.0,1372.0,255.4353,1,0.0,0.81639,,,,,,,,,fliC-,Liquid
2.0,fliC-_PaQa_Gasket_0_event11_tirf_RAW_Stack.tif,405.0,255.0,255.0,255.0,26.7963,14.51481,1.0,463.0,512.32397,237206.0,253.0,749.0,132.30305,417.84023,397.05156,112.0,450.67857,50476.0,175.0,659.0,141.81089,1,0.0,393.15977,382.94844,112.0,472.66071,52938.0,160.0,749.0,172.91593,0,0.0,0.82471,,,,,,,,,fliC-,Liquid
1.0,fliC-_PaQa_Gasket_0_event14_tirf_RAW_Stack.tif,700.0,255.0,255.0,255.0,42.52714,19.50143,1.0,785.0,515.7248400000001,404844.0,225.0,715.0,132.64591,293.87417,360.67966,137.0,440.0073,60281.0,147.0,693.0,153.69137,1,0.0,243.13905,374.36932,137.0,489.30657,67035.0,190.0,696.0,145.71444,0,0.0,0.85555,,,,,,,,,fliC-,Liquid
1.0,fliC-_PaQa_Gasket_0_event15_tirf_RAW_Stack.tif,405.0,255.0,255.0,255.0,20.37901,26.53457,1.0,463.0,667.2527,308938.0,305.0,922.0,168.37952,165.11682,238.89786,112.0,595.5803599999999,66705.0,280.0,845.0,167.00794,2,0.0,180.81176,263.14833,112.0,636.75,71316.0,251.0,922.0,204.80945,1,0.0,0.86161,,,,,,,,,fliC-,Liquid
1.0,fliC-_PaQa_Gasket_0_event17_tirf_RAW_Stack.tif,607.0,255.0,255.0,255.0,38.52636,14.36985,1.0,686.0,980.40233,672556.0,407.0,1457.0,271.84529,279.02028,306.11486,137.0,781.65693,107087.0,328.0,1243.0,254.88759,4,0.0,231.89522,316.50121,137.0,849.42336,116371.0,304.0,1410.0,303.13205,1,0.0,0.74817,,,,,,,,,fliC-,Liquid
1.0,fliC-_PaQa_Gasket_0_event18_tirf_RAW_Stack.tif,947.0,255.0,255.0,255.0,30.7207,47.94562,1.0,1064.0,714.81767,760566.0,324.0,1146.0,211.97431,237.70425,170.67985,156.0,563.32692,87879.0,229.0,861.0,180.64873,2,0.0,276.99704,227.52656,156.0,698.12821,108908.0,239.0,1062.0,230.76218,2,0.0,0.8413,,,,,,,,,fliC-,Liquid
2.0,fliC-_PaQa_Gasket_0_event18_tirf_RAW_Stack.tif,863.0,255.0,255.0,255.0,24.84299,40.37717,1.0,969.0,668.87513,648140.0,269.0,1019.0,197.7694,73.89003000000001,468.83686,137.0,558.08029,76457.0,225.0,849.0,179.30774,4,0.0,96.48026,406.93358,137.0,619.63504,84890.0,259.0,963.0,217.99028,2,0.0,0.84072,,,,,,,,,fliC-,Liquid
1.0,fliC-_PaQa_Gasket_0_event19_tirf_RAW_Stack.tif,483.0,255.0,255.0,255.0,19.84161,24.39234,1.0,552.0,1903.32065,1050633.0,900.0,2847.0,540.24132,236.87611,460.00178,112.0,1471.875,164850.0,491.0,2166.0,436.41748,2,0.0,216.45967,429.77196,112.0,1937.60714,217012.0,885.0,2845.0,639.7577200000001,4,0.0,0.83609,,,,,,,,,fliC-,Liquid
1.0,fliC-_PaQa_Gasket_0_event1_tirf_RAW_Stack.tif,1525.0,255.0,255.0,255.0,35.32885,75.15902,1.0,1705.0,1662.37478,2834349.0,570.0,2994.0,555.8489599999999,368.5891,102.76725,137.0,1200.40876,164456.0,355.0,1810.0,427.38605,5,0.0,326.01891,215.08412,137.0,1295.36496,177465.0,228.0,2861.0,855.1314199999999,1,0.0,0.71646,,,,,,,,,fliC-,Liquid
1.0,fliC-_PaQa_Gasket_0_event20_tirf_RAW_Stack.tif,552.0,255.0,255.0,255.0,22.3279,27.99638,1.0,621.0,727.4830900000001,451767.0,390.0,1120.0,195.24573,138.35302,133.75341,177.0,610.73446,108100.0,297.0,903.0,168.87456,1,0.0,118.78233,107.90043,177.0,707.9435,125306.0,236.0,1120.0,257.17956000000004,6,0.0,0.8062,,,,,,,,,fliC-,Liquid
1.0,fliC-_PaQa_Gasket_0_event2_tirf_RAW_Stack.tif,546.0,255.0,255.0,255.0,15.2033,35.91209,1.0,614.0,3039.02117,1865959.0,1278.0,3687.0,727.45238,243.24871,284.99558,137.0,2529.72263,346572.0,415.0,3687.0,1098.93276,7,0.0,232.68643,248.02296,137.0,2908.19708,398423.0,1380.0,3685.0,755.40073,1,0.0,0.8246899999999999,,,,,,,,,fliC-,Liquid
2.0,fliC-_PaQa_Gasket_0_event2_tirf_RAW_Stack.tif,704.0,255.0,255.0,255.0,18.92756,38.39631,1.0,789.0,551.77567,435351.0,273.0,768.0,140.61529,397.299,206.09736,156.0,465.03205,72545.0,156.0,703.0,154.31493999999998,5,0.0,414.74725,252.8854,156.0,512.32051,79922.0,238.0,748.0,145.31976,0,0.0,0.82401,,,,,,,,,fliC-,Liquid
1.0,fliC-_PaQa_Gasket_0_event3_tirf_RAW_Stack.tif,536.0,255.0,255.0,255.0,11.25373,36.57649,1.0,601.0,1503.18303,903413.0,666.0,2161.0,364.83689,403.52964,146.76772,137.0,1210.32117,165814.0,246.0,2045.0,533.4476099999999,2,0.0,403.52964,106.23228,137.0,1228.32117,168280.0,412.0,1798.0,388.74318,4,0.0,0.70034,,,,,,,,,fliC-,Liquid
1.0,fliC-_PaQa_Gasket_0_event4_tirf_RAW_Stack.tif,606.0,255.0,255.0,255.0,34.91089,18.53795,1.0,683.0,1161.24597,793131.0,527.0,1761.0,316.1278,252.93695,346.51179,137.0,1032.68613,141478.0,597.0,1443.0,249.17681,1,0.0,290.38798,364.82799,137.0,1074.8175199999998,147250.0,342.0,1761.0,430.94403,1,0.0,0.85444,,,,,,,,,fliC-,Liquid
1.0,fliC-_PaQa_Gasket_0_event5_tirf_RAW_Stack.tif,777.0,255.0,255.0,255.0,23.96976,37.81145,1.0,877.0,679.90992,596281.0,306.0,1017.0,192.55611,234.00923,392.11192,156.0,593.23077,92544.0,213.0,967.0,214.53698,2,0.0,205.4919,341.60542000000004,156.0,626.63462,97755.0,244.0,983.0,223.15168,1,0.0,0.8488399999999999,,,,,,,,,fliC-,Liquid
1.0,fliC-_PaQa_Gasket_0_event6_tirf_RAW_Stack.tif,931.0,255.0,255.0,255.0,13.51719,57.06069,1.0,1043.0,1276.65772,1331554.0,591.0,2033.0,349.13542,175.38808,218.73116,156.0,1037.42308,161838.0,304.0,1592.0,348.34001,2,0.0,170.3001,294.24775,156.0,1223.69872,190897.0,263.0,1977.0,463.00083,4,0.0,0.8443200000000001,,,,,,,,,fliC-,Liquid
1.0,fliC-_PaQa_Gasket_0_event7_tirf_RAW_Stack.tif,620.0,255.0,255.0,255.0,10.80323,44.60806,1.0,702.0,1428.85185,1003054.0,647.0,2148.0,388.24243,251.29188,370.62694,137.0,1209.77372,165739.0,246.0,1963.0,486.01607,5,0.0,251.29188,320.37306,137.0,1295.79562,177524.0,375.0,1971.0,444.13772,1,0.0,0.81267,,,,,,,,,fliC-,Liquid
1.0,fliC-_PaQa_Gasket_0_event8_tirf_RAW_Stack.tif,476.0,255.0,255.0,255.0,27.54622,21.4979,1.0,543.0,1150.14365,624528.0,450.0,1668.0,332.69532000000004,299.03708,313.55357999999995,137.0,1018.0438,139472.0,367.0,1510.0,327.77649,1,0.0,326.96292,294.44642000000005,137.0,1033.21898,141551.0,359.0,1637.0,350.86311,0,0.0,0.80318,,,,,,,,,fliC-,Liquid
1.0,fliC-_PaQa_Gasket_0_event9_tirf_RAW_Stack.tif,754.0,255.0,255.0,255.0,10.63793,53.00133,1.0,846.0,529.91962,448312.0,232.0,776.0,135.21374,288.45047,229.57692000000003,156.0,429.4359,66992.0,166.0,646.0,126.85324,2,0.0,288.45047,289.42308,156.0,506.28846,78981.0,147.0,766.0,174.61005,3,0.0,0.82635,,,,,,,,,fliC-,Liquid
2.0,fliC-_PaQa_Gasket_0_event9_tirf_RAW_Stack.tif,504.0,255.0,255.0,255.0,30.03373,23.72619,1.0,572.0,567.28147,324485.0,242.0,828.0,149.76818,259.21927,413.19134,137.0,504.74453,69150.0,269.0,720.0,122.92567,0,0.0,285.9147,392.98577,137.0,530.20438,72638.0,207.0,782.0,159.87703,0,0.0,0.84406,,,,,,,,,fliC-,Liquid
3.0,fliC-_PaQa_Gasket_0_event9_tirf_RAW_Stack.tif,479.0,255.0,255.0,255.0,14.01775,30.29958,1.0,541.0,523.9907599999999,283479.0,242.0,740.0,133.41752,385.2141,325.13204,137.0,438.74453,60108.0,121.0,733.0,179.27575,0,0.0,377.09723,292.03477000000004,137.0,479.81752,65735.0,258.0,663.0,117.2989,0,0.0,0.77792,,,,,,,,,fliC-,Liquid
1.0,fliC-_PaQa_solid_0_event10_tirf_RAW_Stack.tif,750.0,255.0,255.0,255.0,15.63067,46.29067,1.0,837.0,470.21744,393572.0,217.0,718.0,122.46956000000002,414.47777,223.49483,156.0,368.63462,57507.0,199.0,535.0,78.59435,2,0.0,404.87527,276.38684,156.0,429.21154,66957.0,119.0,686.0,162.30103,1,0.0,0.77825,,,,,,,,,fliC-,Solid
1.0,fliC-_PaQa_solid_0_event11_tirf_RAW_Stack.tif,1361.0,255.0,255.0,255.0,56.34717,53.28325,1.0,1532.0,1708.2597899999998,2617054.0,618.0,2664.0,523.51503,224.86047,180.76832,137.0,1412.67883,193537.0,452.0,2361.0,534.54766,5,0.0,145.18038,252.38943,137.0,1510.56934,206948.0,487.0,2332.0,561.9553400000001,11,0.0,0.8295399999999999,,,,,,,,,fliC-,Solid
1.0,fliC-_PaQa_solid_0_event14_tirf_RAW_Stack.tif,715.0,255.0,255.0,255.0,40.98392,17.54196,1.0,803.0,1398.09215,1122668.0,591.0,2317.0,412.73672,205.64863,279.54213,37.0,1031.94595,38182.0,802.0,1267.0,132.12198999999998,2,0.0,144.31523,291.2687,37.0,1289.0,47693.0,691.0,1825.0,334.67605,3,0.0,0.81596,,,,,,,,,fliC-,Solid
1.0,fliC-_PaQa_solid_0_event1_tirf_RAW_Stack.tif,781.0,255.0,255.0,255.0,32.67157,35.61908,1.0,877.0,1295.23603,1135922.0,491.0,2051.0,400.57986,187.23839,191.31436,177.0,1057.45763,187170.0,456.0,1758.0,349.81443,1,0.0,219.55673,149.527,177.0,1209.02825,213998.0,223.0,2051.0,546.25712,3,0.0,0.80665,,,,,,,,,fliC-,Solid
1.0,fliC-_PaQa_solid_0_event2_tirf_RAW_Stack.tif,480.0,255.0,255.0,255.0,31.88333,18.475,1.0,542.0,494.07011,267786.0,232.0,684.0,125.09424,344.22073,231.94515,137.0,407.90511,55883.0,115.0,649.0,160.06905,1,0.0,312.80464,220.98207,137.0,454.65693,62288.0,226.0,630.0,121.87955,2,0.0,0.77254,,,,,,,,,fliC-,Solid
1.0,fliC-_PaQa_solid_0_event3_tirf_RAW_Stack.tif,523.0,255.0,255.0,255.0,13.03537,37.06405,1.0,588.0,647.7312900000001,380866.0,287.0,919.0,167.05473999999998,269.05763,297.91861,137.0,581.9708,79730.0,256.0,864.0,164.47349,3,0.0,275.83431,261.06161000000003,137.0,586.75912,80386.0,217.0,870.0,173.63296,0,0.0,0.83121,,,,,,,,,fliC-,Solid
1.0,fliC-_PaQa_solid_0_event4_tirf_RAW_Stack.tif,614.0,255.0,255.0,255.0,37.08632,21.20358,1.0,691.0,1622.4442800000002,1121109.0,736.0,2259.0,413.21277,236.75385,216.29921,137.0,1376.48175,188578.0,648.0,2040.0,369.33549,4,0.0,275.94755,200.94135,137.0,1494.38686,204731.0,795.0,2196.0,397.69877,4,0.0,0.82245,,,,,,,,,fliC-,Solid
1.0,fliC-_PaQa_solid_0_event5_tirf_RAW_Stack.tif,498.0,255.0,255.0,255.0,18.4759,29.43173,1.0,565.0,854.9097300000001,483024.0,395.0,1180.0,225.49531,387.79886,421.57198,137.0,719.55474,98579.0,259.0,1116.0,246.87565,0,0.0,372.54689,391.76402,137.0,793.67153,108733.0,279.0,1145.0,237.61032000000003,1,0.0,0.79857,,,,,,,,,fliC-,Solid
2.0,fliC-_PaQa_solid_0_event5_tirf_RAW_Stack.tif,494.0,255.0,255.0,255.0,37.8502,21.17409,1.0,557.0,889.7181300000001,495573.0,368.0,1353.0,256.27004,77.93758000000001,302.46192,137.0,759.16058,104005.0,399.0,1140.0,208.51778,2,0.0,107.93092,313.88288,137.0,860.81022,117931.0,368.0,1349.0,286.24749,2,0.0,0.8377,,,,,,,,,fliC-,Solid
1.0,fliC-_PaQa_solid_0_event6_tirf_RAW_Stack.tif,737.0,255.0,255.0,255.0,36.38738,29.50678,1.0,834.0,333.67626,278286.0,153.0,529.0,97.13275,200.97338,147.66787,177.0,279.19774,49418.0,113.0,434.0,89.67841,2,0.0,246.12049,176.18348,177.0,304.25424,53853.0,98.0,529.0,133.22784,1,0.0,0.80009,,,,,,,,,fliC-,Solid
1.0,fliC-_PaQa_solid_0_event7_tirf_RAW_Stack.tif,656.0,255.0,255.0,255.0,12.4375,45.38872,1.0,733.0,602.97408,441980.0,263.0,866.0,154.80189,404.87446,180.24166,137.0,525.92701,72052.0,156.0,772.0,181.26896,2,0.0,396.92573,228.72559,137.0,530.93431,72738.0,153.0,857.0,206.12483,0,0.0,0.81614,,,,,,,,,fliC-,Solid
1.0,fliC-_PaQa_solid_0_event8_tirf_RAW_Stack.tif,554.0,255.0,255.0,255.0,13.27076,39.04332,1.0,620.0,437.81452,271445.0,218.0,643.0,108.93461,403.93561,359.43231000000003,137.0,382.38686,52387.0,142.0,613.0,131.35612,1,0.0,409.17689,397.55233,137.0,390.83942,53545.0,208.0,535.0,88.2615,0,0.0,0.8082,,,,,,,,,fliC-,Solid
1.0,fliC-_PaQa_solid_0_event9_tirf_RAW_Stack.tif,653.0,255.0,255.0,255.0,38.55513,12.66845,1.0,729.0,375.68313,273873.0,176.0,522.0,81.24226,219.96845,88.50561,137.0,298.05839,40834.0,109.0,424.0,90.62064,3,0.0,170.95572,82.07398,137.0,336.9781,46166.0,128.0,482.0,104.74573,0,0.0,0.7731,,,,,,,,,fliC-,Solid
2.0,fliC-_PaQa_solid_0_event9_tirf_RAW_Stack.tif,815.0,255.0,255.0,255.0,18.07546,43.26442,1.0,908.0,1041.76762,945925.0,502.0,1515.0,264.02891,409.31097,452.70736,137.0,804.69343,110243.0,383.0,1150.0,213.46988,3,0.0,421.68903,393.29264,137.0,985.72993,135045.0,449.0,1366.0,255.3758,6,0.0,0.81007,,,,,,,,,fliC-,Solid
1.0,fliC-_PaQa_solid_1_event10_tirf_RAW_Stack.tif,613.0,255.0,255.0,255.0,22.9323,38.11664,1.0,694.0,534.63833,371039.0,205.0,802.0,153.08373,137.04316,272.38567,137.0,435.72263,59694.0,176.0,683.0,140.70582,2,0.0,117.35546,313.32548,137.0,479.92701,65750.0,160.0,783.0,178.26058,1,0.0,0.78294,,,,,,,,,fliC-,Solid
2.0,fliC-_PaQa_solid_1_event10_tirf_RAW_Stack.tif,447.0,255.0,255.0,255.0,32.202459999999995,19.75951,1.0,506.0,1059.41897,536066.0,426.0,1616.0,306.81971,166.67062,480.6501,137.0,967.91241,132604.0,266.0,1587.0,397.69423,3,0.0,142.46539,466.12308,137.0,978.0292,133990.0,505.0,1403.0,252.5341,1,0.0,0.83767,,,,,,,,,fliC-,Solid
1.0,fliC-_PaQa_solid_1_event11_tirf_RAW_Stack.tif,811.0,255.0,255.0,255.0,27.766340000000003,37.87978,1.0,912.0,476.96491,434992.0,202.0,684.0,127.15105,355.63837,472.30921,156.0,410.5,64038.0,181.0,634.0,123.30369,3,0.0,387.18586,424.57451,156.0,417.55128,65138.0,166.0,654.0,137.80118000000002,1,0.0,0.8123,,,,,,,,,fliC-,Solid
1.0,fliC-_PaQa_solid_1_event12_tirf_RAW_Stack.tif,467.0,255.0,255.0,255.0,31.99893,15.99679,1.0,526.0,868.3992400000001,456778.0,384.0,1235.0,233.70702000000003,226.88936,218.12705,137.0,728.1021900000001,99750.0,189.0,1147.0,277.58436,1,0.0,195.03179,212.31126,137.0,867.05839,118787.0,409.0,1235.0,240.94861,2,0.0,0.84364,,,,,,,,,fliC-,Solid
1.0,fliC-_PaQa_solid_1_event13_tirf_RAW_Stack.tif,704.0,255.0,255.0,255.0,29.07812,36.95597,1.0,798.0,1424.00251,1136354.0,545.0,2136.0,422.99105,293.23422,142.15317,137.0,1226.27737,168000.0,309.0,1956.0,443.52866,1,0.0,263.45138,185.63119,137.0,1290.43066,176789.0,351.0,2132.0,503.73229,5,0.0,0.833,,,,,,,,,fliC-,Solid
2.0,fliC-_PaQa_solid_1_event13_tirf_RAW_Stack.tif,360.0,255.0,255.0,255.0,23.25,17.69444,1.0,411.0,573.7493900000001,235811.0,247.0,836.0,156.42845,429.12752,237.01382,37.0,444.40541,16443.0,298.0,618.0,88.67214,1,0.0,401.79074,247.77905,37.0,526.0,19462.0,277.0,800.0,157.00354,0,0.0,0.81795,,,,,,,,,fliC-,Solid
3.0,fliC-_PaQa_solid_1_event13_tirf_RAW_Stack.tif,691.0,255.0,255.0,255.0,35.69971,24.5246,1.0,779.0,678.819,528800.0,311.0,1049.0,183.22298,288.51353,289.83473,137.0,557.0292,76313.0,217.0,857.0,187.01069,0,0.0,246.36008,264.37487000000004,137.0,678.50365,92955.0,362.0,1037.0,187.03991,0,0.0,0.86772,,,,,,,,,fliC-,Solid
1.0,fliC-_PaQa_solid_1_event1_tirf_RAW_Stack.tif,509.0,255.0,255.0,255.0,17.45285,37.10904,1.0,573.0,540.0837700000001,309468.0,263.0,783.0,144.70018000000002,361.05915,348.04805,137.0,421.72993,57777.0,142.0,688.0,159.9222,0,0.0,352.20207,314.14391,137.0,491.47445,67332.0,237.0,721.0,135.28864,1,0.0,0.74053,,,,,,,,,fliC-,Solid
1.0,fliC-_PaQa_solid_1_event3_tirf_RAW_Stack.tif,592.0,255.0,255.0,255.0,30.61993,29.70946,1.0,669.0,970.14798,649029.0,428.0,1490.0,279.47058,236.00054,412.51331,156.0,774.4359,120812.0,304.0,1192.0,255.23725,0,0.0,207.12806,387.33913,156.0,1001.01923,156159.0,419.0,1490.0,326.74096000000003,3,0.0,0.8518,,,,,,,,,fliC-,Solid
1.0,fliC-_PaQa_solid_1_event4_tirf_RAW_Stack.tif,918.0,255.0,255.0,255.0,42.81481,31.82135,1.0,1029.0,653.95335,672918.0,303.0,950.0,180.8888,310.27018,365.0332,156.0,550.59615,85893.0,220.0,879.0,194.15646,2,0.0,257.67087000000004,328.05062000000004,156.0,595.34615,92874.0,252.0,926.0,196.91559,1,0.0,0.83137,,,,,,,,,fliC-,Solid
2.0,fliC-_PaQa_solid_1_event4_tirf_RAW_Stack.tif,730.0,255.0,255.0,255.0,24.92192,42.154790000000006,1.0,823.0,953.27461,784545.0,379.0,1629.0,309.86522,367.18105,129.36717,156.0,656.88462,102474.0,222.0,995.0,195.49375,7,0.0,337.72328,171.56603,156.0,938.26923,146370.0,307.0,1516.0,356.35262,1,0.0,0.7608,,,,,,,,,fliC-,Solid
1.0,fliC-_PaQa_solid_1_event5_tirf_RAW_Stack.tif,905.0,255.0,255.0,255.0,49.54972,32.50994,1.0,1022.0,2600.04795,2657249.0,913.0,3747.0,824.7577200000001,305.23574,248.67576,156.0,2335.99359,364415.0,693.0,3747.0,876.2144300000001,1,0.0,251.28731,287.66614,156.0,2377.01282,370814.0,858.0,3509.0,779.28732,0,0.0,0.8705,,,,,,,,,fliC-,Solid
1.0,fliC-_PaQa_solid_1_event6_tirf_RAW_Stack.tif,837.0,255.0,255.0,255.0,23.12963,59.81661,1.0,931.0,998.83351,929914.0,431.0,1579.0,283.33504,298.09645,360.67008,156.0,807.87821,126029.0,276.0,1303.0,274.68956000000003,3,0.0,298.09645,420.32992,156.0,884.2756400000001,137947.0,337.0,1326.0,273.3006,2,0.0,0.7864399999999999,,,,,,,,,fliC-,Solid
1.0,fliC-_PaQa_solid_1_event7_tirf_RAW_Stack.tif,388.0,255.0,255.0,255.0,21.6933,22.5567,1.0,445.0,302.24719,134500.0,150.0,446.0,83.76964,243.55857000000003,469.03443,112.0,258.76786,28982.0,138.0,385.0,71.69932,1,0.0,223.57412,451.81176,112.0,294.97321,33037.0,141.0,434.0,83.55324,1,0.0,0.8442,,,,,,,,,fliC-,Solid
2.0,fliC-_PaQa_solid_1_event7_tirf_RAW_Stack.tif,703.0,255.0,255.0,255.0,39.350640000000006,29.435990000000004,1.0,797.0,432.75031,344902.0,172.0,679.0,127.58904,70.55366,237.29756,156.0,360.74359,56276.0,120.0,565.0,119.36887,1,0.0,111.88917,206.2931,156.0,399.40385,62307.0,189.0,654.0,126.66388,2,0.0,0.8145,,,,,,,,,fliC-,Solid
1.0,fliC-_PaQa_solid_1_event8_tirf_RAW_Stack.tif,708.0,255.0,255.0,255.0,37.48446,25.41243,1.0,801.0,325.99251,261120.0,162.0,529.0,93.09369,387.96401,335.60476,137.0,263.33577,36077.0,107.0,396.0,85.43498000000001,0,0.0,340.38811,310.62473,137.0,356.52555,48844.0,143.0,529.0,116.70495,0,0.0,0.92698,,,,,,,,,fliC-,Solid
2.0,fliC-_PaQa_solid_1_event8_tirf_RAW_Stack.tif,501.0,255.0,255.0,255.0,20.98703,26.11277,1.0,569.0,289.74165,164863.0,149.0,430.0,79.14567,170.03885,178.90708999999998,137.0,233.0438,31927.0,89.0,353.0,73.59616,0,0.0,149.96115,153.09291000000002,137.0,305.71533,41883.0,136.0,429.0,86.45791,0,0.0,0.8727600000000001,,,,,,,,,fliC-,Solid
1.0,fliC-_PaQa_solid_1_event9_tirf_RAW_Stack.tif,394.0,255.0,255.0,255.0,11.04315,34.0,1.0,445.0,1483.17079,660011.0,692.0,2087.0,383.63764,402.76299,352.95129,112.0,1239.82143,138860.0,470.0,1833.0,385.7241,3,0.0,406.23701,380.04871,112.0,1378.75,154420.0,508.0,2046.0,459.69566,0,0.0,0.789,,,,,,,,,fliC-,Solid
1.0,fliC-_PaQa_solid_2_event10_tirf_RAW_Stack.tif,1040.0,255.0,255.0,255.0,35.75577,65.52788000000001,1.0,1159.0,2818.73684,3266916.0,1112.0,3774.0,831.0973799999999,236.43037,372.49724,156.0,2355.9359,367526.0,406.0,3774.0,1061.3486,5,0.0,210.84486,300.05445,156.0,2471.02564,385480.0,786.0,3754.0,933.3331,2,0.0,0.81316,,,,,,,,,fliC-,Solid
1.0,fliC-_PaQa_solid_2_event11_tirf_RAW_Stack.tif,855.0,255.0,255.0,255.0,51.37485,24.12573,1.0,959.0,1737.1209600000002,1665899.0,750.0,2489.0,474.08245,398.01121,209.38141,137.0,1357.9854,186044.0,349.0,2239.0,582.8962700000001,1,0.0,333.88531,189.96177,137.0,1558.94161,213575.0,531.0,2366.0,524.67721,4,0.0,0.78896,,,,,,,,,fliC-,Solid
1.0,fliC-_PaQa_solid_2_event12_tirf_RAW_Stack.tif,455.0,255.0,255.0,255.0,19.86264,35.11099,1.0,520.0,607.41923,315858.0,231.0,879.0,177.83643,229.2966,144.14934,112.0,533.7946400000001,59785.0,220.0,784.0,158.77329,1,0.0,212.19649,173.14134,112.0,568.92857,63720.0,204.0,865.0,201.84597,3,0.0,0.84846,,,,,,,,,fliC-,Solid
1.0,fliC-_PaQa_solid_2_event13_tirf_RAW_Stack.tif,1295.0,255.0,255.0,255.0,69.98494000000001,30.7973,1.0,1440.0,507.58055999999993,730916.0,229.0,799.0,148.01043,338.17262,157.19654,177.0,395.41808,69989.0,111.0,679.0,170.02923,1,0.0,249.49059,126.78168,177.0,433.56497,76741.0,226.0,673.0,118.23973,0,0.0,0.77054,,,,,,,,,fliC-,Solid
2.0,fliC-_PaQa_solid_2_event13_tirf_RAW_Stack.tif,337.0,255.0,255.0,255.0,12.87389,28.65727,1.0,384.0,424.17708,162884.0,187.0,570.0,101.22892,50.03676,266.61891,112.0,362.95536,40651.0,90.0,562.0,149.30182,1,0.0,50.03676,290.38109,112.0,378.10714,42348.0,142.0,570.0,115.71107,2,0.0,0.7421300000000001,,,,,,,,,fliC-,Solid
1.0,fliC-_PaQa_solid_2_event14_tirf_RAW_Stack.tif,619.0,255.0,255.0,255.0,23.0832,39.30291,1.0,693.0,673.2640700000001,466572.0,249.0,1003.0,182.49019,176.00333999999998,339.8764,156.0,576.7243599999999,89969.0,167.0,883.0,195.38741,3,0.0,160.38006,303.38857,156.0,647.63462,101031.0,294.0,973.0,212.06773,7,0.0,0.84639,,,,,,,,,fliC-,Solid
2.0,fliC-_PaQa_solid_2_event14_tirf_RAW_Stack.tif,460.0,255.0,255.0,255.0,11.72609,32.44348,1.0,516.0,651.9651200000001,336414.0,307.0,899.0,164.02538,259.92825,224.4305,156.0,586.87179,91552.0,266.0,858.0,167.63388,4,0.0,259.92825,253.5695,156.0,621.0833299999999,96889.0,207.0,899.0,194.21541,0,0.0,0.8326600000000001,,,,,,,,,fliC-,Solid
1.0,fliC-_PaQa_solid_2_event16_tirf_RAW_Stack.tif,1119.0,255.0,255.0,255.0,54.58758,44.12198,1.0,1258.0,617.80525,777199.0,210.0,1010.0,189.97188,298.17666,261.39695,156.0,522.38462,81492.0,213.0,781.0,165.45638,4,0.0,222.9759,302.87925,156.0,555.25641,86620.0,183.0,870.0,184.45497,2,0.0,0.8368700000000001,,,,,,,,,fliC-,Solid
1.0,fliC-_PaQa_solid_2_event17_tirf_RAW_Stack.tif,735.0,255.0,255.0,255.0,25.20748,43.4415,1.0,832.0,784.90745,653043.0,323.0,1415.0,272.5141,247.0209,90.75859,156.0,562.3141,87721.0,331.0,809.0,124.85077,4,0.0,270.64743,142.93761,156.0,886.6923099999999,138324.0,323.0,1415.0,329.85443,0,0.0,0.8823,,,,,,,,,fliC-,Solid
1.0,fliC-_PaQa_solid_2_event19_tirf_RAW_Stack.tif,683.0,255.0,255.0,255.0,21.61567,41.46193,1.0,762.0,1811.15486,1380100.0,790.0,2691.0,492.06591,260.20347000000004,284.545,156.0,1485.76923,231780.0,561.0,2234.0,489.633,1,0.0,270.38209,238.36378,156.0,1636.64103,255316.0,608.0,2639.0,534.0274099999999,1,0.0,0.78672,,,,,,,,,fliC-,Solid
1.0,fliC-_PaQa_solid_2_event20_tirf_RAW_Stack.tif,1028.0,255.0,255.0,255.0,33.4144,50.514590000000005,1.0,1147.0,600.98518,689330.0,264.0,936.0,184.86707,343.18459,266.6114,177.0,514.23729,91020.0,146.0,882.0,207.73886,0,0.0,307.73859,206.43385,177.0,607.74011,107570.0,190.0,933.0,215.30557,0,0.0,0.90652,,,,,,,,,fliC-,Solid
1.0,fliC-_PaQa_solid_2_event21_tirf_RAW_Stack.tif,1193.0,255.0,255.0,255.0,17.74895,63.42372,1.0,1309.0,1711.9893,2240994.0,767.0,2637.0,446.60258,140.15498,77.23788,177.0,1364.39548,241498.0,682.0,1865.0,297.35491,0,0.0,151.16563,157.71819,177.0,1567.66102,277476.0,324.0,2518.0,636.31812,2,0.0,0.81303,,,,,,,,,fliC-,Solid
2.0,fliC-_PaQa_solid_2_event21_tirf_RAW_Stack.tif,820.0,255.0,255.0,255.0,44.30854,21.08537,1.0,919.0,1297.41893,1192328.0,588.0,1832.0,339.31151,322.94761,364.28243,137.0,1113.14599,152501.0,372.0,1671.0,374.51544,3,0.0,262.03973,346.76159,137.0,1228.93431,168364.0,461.0,1786.0,390.42835,1,0.0,0.8667299999999999,,,,,,,,,fliC-,Solid
2.0,fliC-_PaQa_solid_2_event6_tirf_RAW_Stack.tif,899.0,255.0,255.0,255.0,33.01502,49.99277,1.0,1002.0,457.1008,458015.0,187.0,733.0,141.66455,371.76233,214.63298,177.0,388.47458,68760.0,174.0,609.0,117.25856,1,0.0,397.51261,159.96469,177.0,393.68362,69682.0,78.0,682.0,157.38734,1,0.0,0.79299,,,,,,,,,fliC-,Solid
1.0,fliC-_PaQa_solid_2_event7_tirf_RAW_Stack.tif,691.0,255.0,255.0,255.0,20.38857,42.60709,1.0,779.0,450.93325,351277.0,198.0,685.0,129.59727,431.89294,136.3498,137.0,416.05839,57000.0,183.0,607.0,119.752,0,0.0,444.05577,188.88958,137.0,418.32117,57310.0,121.0,666.0,162.32076,1,0.0,0.88907,,,,,,,,,fliC-,Solid
1.0,fliC-_PaQa_solid_2_event8_tirf_RAW_Stack.tif,763.0,255.0,255.0,255.0,27.20773,40.59174,1.0,861.0,447.63298,385412.0,191.0,671.0,127.66622,287.6807,303.53217,137.0,388.64234,53244.0,136.0,618.0,132.39033999999998,1,0.0,262.36466,354.99741,137.0,415.58394,56935.0,200.0,597.0,119.11102,0,0.0,0.8576,,,,,,,,,fliC-,Solid
1.0,fliC-_PaQa_solid_2_event9_tirf_RAW_Stack.tif,842.0,255.0,255.0,255.0,42.6924,33.48219,1.0,955.0,912.86283,871784.0,351.0,1398.0,279.98153,227.76089,148.98719,156.0,763.32692,119079.0,334.0,1206.0,239.53625,0,0.0,181.14383,193.9524,156.0,807.23077,125928.0,220.0,1225.0,300.17109,2,0.0,0.8056,,,,,,,,,fliC-,Solid
1.0,fliC-_PaQa_solid_3_event10_tirf_RAW_Stack.tif,625.0,255.0,255.0,255.0,27.3544,37.2296,1.0,710.0,1923.2169,1365484.0,860.0,2729.0,548.17021,146.88645,375.3452,137.0,1573.92701,215628.0,580.0,2585.0,581.29539,0,0.0,117.67796,339.00611000000004,137.0,1698.65693,232716.0,680.0,2597.0,524.3104099999999,4,0.0,0.77788,,,,,,,,,fliC-,Solid
1.0,fliC-_PaQa_solid_3_event12_tirf_RAW_Stack.tif,700.0,255.0,255.0,255.0,41.62571,14.38857,1.0,779.0,293.00385,228250.0,143.0,387.0,65.41081,325.71363,215.6071,137.0,245.93431,33693.0,97.0,356.0,72.32567,0,0.0,274.22313,209.97236,137.0,274.81022,37649.0,102.0,385.0,82.68078,0,0.0,0.83799,,,,,,,,,fliC-,Solid
1.0,fliC-_PaQa_solid_3_event13_tirf_RAW_Stack.tif,928.0,255.0,255.0,255.0,33.18642,49.03448,1.0,1044.0,784.6494299999999,819174.0,306.0,1323.0,254.41431,292.91163,232.57162,156.0,610.74359,95276.0,262.0,955.0,195.93899,1,0.0,324.04876,169.40006,156.0,710.25,110799.0,207.0,1258.0,282.28795,2,0.0,0.78859,,,,,,,,,fliC-,Solid
2.0,fliC-_PaQa_solid_3_event13_tirf_RAW_Stack.tif,547.0,255.0,255.0,255.0,25.383,36.56216,1.0,618.0,1119.33657,691750.0,428.0,1657.0,338.48752,166.85863,211.28274,137.0,898.2700699999999,123063.0,326.0,1506.0,310.5178,8,0.0,184.63549,179.43497,137.0,983.13869,134690.0,235.0,1598.0,378.94096,1,0.0,0.74563,,,,,,,,,fliC-,Solid
1.0,fliC-_PaQa_solid_3_event1_tirf_RAW_Stack.tif,537.0,255.0,255.0,255.0,30.00093,17.92831,1.0,607.0,426.25535,258737.0,224.0,604.0,108.13095,133.98244,223.58333,156.0,375.47436,58574.0,156.0,592.0,120.68848,4,0.0,166.97716,237.51231,156.0,386.6859,60323.0,182.0,577.0,106.6081,0,0.0,0.80391,,,,,,,,,fliC-,Solid
1.0,fliC-_PaQa_solid_3_event2_tirf_RAW_Stack.tif,894.0,255.0,255.0,255.0,29.15213,47.25056,1.0,1007.0,105.20357,105940.0,41.0,196.0,29.80202,330.06047,214.09689,177.0,110.03955,19477.0,11.0,153.0,31.57429,0,0.0,301.59958,270.22253,177.0,115.85876,20507.0,34.0,196.0,44.81157,0,0.0,1.11826,,,,,,,,,fliC-,Solid
1.0,fliC-_PaQa_solid_3_event4_tirf_RAW_Stack.tif,866.0,255.0,255.0,255.0,44.36259,36.85912,1.0,981.0,641.84302,629648.0,248.0,1009.0,195.67417,96.41789,270.55225,137.0,524.29197,71828.0,152.0,794.0,200.76835,0,0.0,151.88117,231.8779,137.0,600.12409,82217.0,180.0,967.0,221.74914,1,0.0,0.8357399999999999,,,,,,,,,fliC-,Solid
1.0,fliC-_PaQa_solid_3_event7_tirf_RAW_Stack.tif,812.0,255.0,255.0,255.0,30.560340000000004,37.913790000000006,1.0,917.0,442.63904,405900.0,179.0,660.0,127.08291,207.56653,272.06069,156.0,364.80128,56909.0,137.0,598.0,128.47324,0,0.0,246.62991,228.11393,156.0,388.57051,60617.0,148.0,599.0,127.78925,1,0.0,0.79028,,,,,,,,,fliC-,Solid
1.0,fliC-_PaQa_solid_3_event8_tirf_RAW_Stack.tif,695.0,255.0,255.0,255.0,14.7446,49.2482,1.0,778.0,718.1593799999999,558728.0,358.0,1062.0,188.69064,65.94899000000001,279.13349,112.0,554.13393,62063.0,241.0,827.0,156.20893999999998,0,0.0,68.43579,222.92677,112.0,660.1428599999999,73936.0,233.0,1007.0,212.92844,3,0.0,0.79567,,,,,,,,,fliC-,Solid
1.0,fliC-_PaQa_solid_4_event10_tirf_RAW_Stack.tif,546.0,255.0,255.0,255.0,37.27656,18.9011,1.0,615.0,382.49919,235237.0,170.0,601.0,109.11472,247.4477,377.97147,137.0,303.85401,41628.0,80.0,502.0,123.32826,1,0.0,214.05054,363.84147,137.0,357.41606,48966.0,146.0,572.0,102.34534,3,0.0,0.7794800000000001,,,,,,,,,fliC-,Solid
1.0,fliC-_PaQa_solid_4_event11_tirf_RAW_Stack.tif,508.0,255.0,255.0,255.0,34.99409,25.82283,1.0,576.0,529.95312,305253.0,203.0,754.0,151.21145,352.57079,305.34105,137.0,473.44526,64862.0,193.0,723.0,158.24353,0,0.0,322.67521,322.0964,137.0,501.37226,68688.0,191.0,754.0,176.69257,0,0.0,0.8572799999999999,,,,,,,,,fliC-,Solid
1.0,fliC-_PaQa_solid_4_event12_tirf_RAW_Stack.tif,1115.0,255.0,255.0,255.0,24.15471,68.39506999999999,1.0,1246.0,1921.54254,2394242.0,738.0,2968.0,576.6383099999999,235.13741,325.83403,137.0,1704.27737,233486.0,588.0,2712.0,604.07414,1,0.0,250.97896,235.18631,137.0,1761.8832100000002,241378.0,432.0,2726.0,692.47959,2,0.0,0.87766,,,,,,,,,fliC-,Solid
2.0,fliC-_PaQa_solid_4_event12_tirf_RAW_Stack.tif,638.0,255.0,255.0,255.0,32.17712,29.38401,1.0,730.0,968.18767,706777.0,433.0,1542.0,283.627,84.59206999999999,101.90815,137.0,739.3138700000001,101286.0,290.0,1080.0,235.49443,1,0.0,124.25528,134.27865,137.0,861.0146,117959.0,211.0,1542.0,417.24236,2,0.0,0.74841,,,,,,,,,fliC-,Solid
1.0,fliC-_PaQa_solid_4_event4_tirf_RAW_Stack.tif,955.0,255.0,255.0,255.0,40.76492,57.99005,1.0,1073.0,1793.97484,1924935.0,668.0,3007.0,565.7065,383.77035,91.14824,137.0,1513.13139,207299.0,333.0,2256.0,572.5072299999999,2,0.0,357.1415,162.57378,137.0,1816.47445,248857.0,646.0,3007.0,744.92291,3,0.0,0.90563,,,,,,,,,fliC-,Solid
1.0,fliC-_PaQa_solid_4_event5_tirf_RAW_Stack.tif,1122.0,255.0,255.0,255.0,58.52763,30.06774,1.0,1252.0,651.03195,815092.0,303.0,1031.0,185.20852,162.47701999999998,217.47437,156.0,540.76282,84359.0,168.0,870.0,193.33578,6,0.0,238.57236,247.40006,156.0,551.1474400000001,85979.0,309.0,780.0,139.05626,1,0.0,0.79596,,,,,,,,,fliC-,Solid
1.0,fliC-_PaQa_solid_4_event7_tirf_RAW_Stack.tif,818.0,255.0,255.0,255.0,42.38264,22.40709,1.0,911.0,992.30406,903989.0,436.0,1510.0,262.10675,314.21206,328.59609,156.0,885.4807699999999,138135.0,367.0,1242.0,262.23249,3,0.0,367.46244,346.39075,156.0,919.1859,143393.0,302.0,1399.0,320.11494,3,0.0,0.8683200000000001,,,,,,,,,fliC-,Solid
1.0,fliC-_PaQa_solid_4_event8_tirf_RAW_Stack.tif,902.0,255.0,255.0,255.0,26.78825,46.5765,1.0,1015.0,821.7468,834073.0,353.0,1349.0,246.54985,173.2212,215.65675,156.0,706.01282,110138.0,181.0,1093.0,267.46675,3,0.0,200.24198,280.73228,156.0,733.09615,114363.0,189.0,1225.0,278.96631,4,0.0,0.8298399999999999,,,,,,,,,fliC-,Solid
1.0,fliC-_PaQa_solid_0_event10_tirf_RAW_Stack.tif,1167.0,255.0,255.0,255.0,62.43916,54.548840000000006,1.0,1303.0,1107.28012,1442786.0,357.0,1765.0,359.36491,234.43145,446.17176,177.0,875.6610199999999,154992.0,254.0,1469.0,334.92307,3,0.0,299.39713,398.96254,177.0,1101.84181,195026.0,246.0,1765.0,461.58387,1,0.0,0.85867,,,,,,,,,fliC-,Solid
1.0,fliC-_PaQa_solid_0_event11_tirf_RAW_Stack.tif,479.0,255.0,255.0,255.0,32.91336,25.7881,1.0,546.0,576.2783900000001,314648.0,255.0,801.0,152.66602,386.10438,432.22338,137.0,481.93431,66025.0,164.0,777.0,190.38684,2,0.0,359.20537,413.33678,137.0,565.86861,77524.0,239.0,795.0,161.27825,1,0.0,0.83286,,,,,,,,,fliC-,Solid
1.0,fliC-_PaQa_solid_0_event13_tirf_RAW_Stack.tif,571.0,255.0,255.0,255.0,15.63135,43.6944,1.0,638.0,476.20376,303818.0,197.0,663.0,121.07312,336.43342,393.14581,137.0,412.10949,56459.0,100.0,614.0,160.16666999999998,1,0.0,328.1022,431.75418,137.0,421.31387,57720.0,137.0,608.0,127.88085,1,0.0,0.79985,,,,,,,,,fliC-,Solid
1.0,fliC-_PaQa_solid_0_event14_tirf_RAW_Stack.tif,1073.0,255.0,255.0,255.0,21.03402,65.57642,1.0,1202.0,1855.63894,2230478.0,689.0,3020.0,577.42507,207.48175,109.89082,137.0,1288.06569,176465.0,229.0,1988.0,554.8323,5,0.0,189.00972,197.00106,137.0,1494.20438,204706.0,232.0,2993.0,901.41599,2,0.0,0.69808,,,,,,,,,fliC-,Solid
1.0,fliC-_PaQa_solid_0_event1_tirf_RAW_Stack.tif,817.0,255.0,255.0,255.0,50.11934,15.69584,1.0,912.0,1701.6798199999998,1551932.0,710.0,2328.0,443.0904,340.07543,167.76571,137.0,1301.54015,178311.0,272.0,2211.0,551.4080799999999,3,0.0,277.90584,154.32103999999998,137.0,1588.7372300000002,217657.0,562.0,2324.0,537.54344,7,0.0,0.7976,,,,,,,,,fliC-,Solid
1.0,fliC-_PaQa_solid_0_event2_tirf_RAW_Stack.tif,808.0,255.0,255.0,255.0,42.44059,42.0755,1.0,911.0,658.34687,599754.0,242.0,1076.0,208.06364,386.29153,210.09284,156.0,506.0641,78946.0,235.0,763.0,145.22044,1,0.0,345.18936,250.39812,156.0,557.40385,86955.0,189.0,910.0,188.97372,1,0.0,0.73414,,,,,,,,,fliC-,Solid
1.0,fliC-_PaQa_solid_0_event3_tirf_RAW_Stack.tif,1356.0,255.0,255.0,255.0,57.00959,44.21313,1.0,1516.0,800.86873,1214117.0,340.0,1256.0,250.63548,431.70983,360.60331,177.0,536.2429400000001,94915.0,159.0,930.0,193.61731,0,0.0,349.53278,305.52682000000004,177.0,732.33898,129624.0,300.0,1188.0,261.56326,1,0.0,0.7448100000000001,,,,,,,,,fliC-,Solid
2.0,fliC-_PaQa_solid_0_event3_tirf_RAW_Stack.tif,1089.0,255.0,255.0,255.0,52.84803,49.46051,1.0,1222.0,707.7471400000001,864867.0,318.0,1090.0,210.88601,345.82795,151.97426000000002,156.0,573.57051,89477.0,236.0,980.0,203.84504,1,0.0,397.74418,211.52823,156.0,647.5641,101020.0,226.0,1055.0,224.0783,1,0.0,0.8239,,,,,,,,,fliC-,Solid
1.0,fliC-_PaQa_solid_0_event4_tirf_RAW_Stack.tif,891.0,255.0,255.0,255.0,40.867,40.65488,1.0,1011.0,924.0544,934219.0,378.0,1448.0,281.31239,265.41017,231.08233,156.0,783.32051,122198.0,191.0,1355.0,345.87199,4,0.0,220.32273,180.15403,156.0,795.39103,124081.0,232.0,1235.0,294.12801,2,0.0,0.80205,,,,,,,,,fliC-,Solid
1.0,fliC-_PaQa_solid_0_event6_tirf_RAW_Stack.tif,720.0,255.0,255.0,255.0,43.28333,17.2125,1.0,802.0,773.79426,620583.0,358.0,1087.0,199.19548,110.36663,217.64318,156.0,673.25641,105028.0,289.0,977.0,203.34785,0,0.0,160.55192,208.89281,156.0,677.96154,105762.0,212.0,1048.0,217.4116,1,0.0,0.80784,,,,,,,,,fliC-,Solid
1.0,fliC-_PaQa_solid_0_event7_tirf_RAW_Stack.tif,522.0,255.0,255.0,255.0,10.69349,40.09004,1.0,584.0,373.32021,218019.0,164.0,531.0,96.34678,271.32632,79.93687,137.0,303.30657,41553.0,90.0,501.0,107.98663,1,0.0,266.79878,43.04792,137.0,354.69343,48593.0,172.0,491.0,86.34418000000001,1,0.0,0.7975899999999999,,,,,,,,,fliC-,Solid
1.0,fliC-_PaQa_solid_0_event8_tirf_RAW_Stack.tif,494.0,255.0,255.0,255.0,33.7247,14.914979999999998,1.0,552.0,355.375,196167.0,152.0,492.0,83.60589,119.46826,380.91141,156.0,317.37821,49511.0,103.0,473.0,105.92598,4,0.0,89.4236,386.50614,156.0,325.90385,50841.0,131.0,454.0,95.5084,1,0.0,0.80566,,,,,,,,,fliC-,Solid
1.0,fliC-_PaQa_solid_0_event9_tirf_RAW_Stack.tif,1131.0,255.0,255.0,255.0,30.87047,54.86693,1.0,1258.0,2181.12003,2743849.0,937.0,3279.0,642.50288,181.42047,457.51433,156.0,1766.89744,275636.0,374.0,2804.0,714.27179,2,0.0,148.1805,384.21308,156.0,1922.70513,299942.0,739.0,2883.0,600.17745,3,0.0,0.80487,,,,,,,,,fliC-,Solid
2.0,fliC-_PaQa_solid_0_event9_tirf_RAW_Stack.tif,866.0,255.0,255.0,255.0,17.62356,51.081990000000005,1.0,968.0,880.5268599999999,852350.0,382.0,1279.0,236.41738,414.04801,71.21321999999999,137.0,767.83942,105194.0,339.0,1089.0,201.29957,3,0.0,425.92685,140.79108,137.0,796.0073,109053.0,201.0,1278.0,316.0405,2,0.0,0.8504200000000001,,,,,,,,,fliC-,Solid
1.0,fliC-_PaQa_solid_1_event10_tirf_RAW_Stack.tif,514.0,255.0,255.0,255.0,31.83074,27.24708,1.0,587.0,1248.35094,732782.0,453.0,1787.0,376.68173,336.98167,133.10658999999998,112.0,1077.39286,120668.0,425.0,1634.0,319.7139,2,0.0,305.60875,155.313,112.0,1171.92857,131256.0,464.0,1752.0,398.10782,0,0.0,0.84901,,,,,,,,,fliC-,Solid
2.0,fliC-_PaQa_solid_1_event10_tirf_RAW_Stack.tif,524.0,255.0,255.0,255.0,18.51527,37.66412,1.0,592.0,888.39189,525928.0,351.0,1275.0,250.6177,454.37879,212.79003,137.0,686.64234,94070.0,186.0,1071.0,244.24785,3,0.0,443.68356,250.22779,137.0,793.26277,108677.0,271.0,1247.0,300.67929,2,0.0,0.72809,,,,,,,,,fliC-,Solid
1.0,fliC-_PaQa_solid_1_event11_tirf_RAW_Stack.tif,557.0,255.0,255.0,255.0,18.31688,28.81059,1.0,629.0,1152.85851,725148.0,481.0,1661.0,308.7069,374.21367,185.69392,112.0,979.22321,109673.0,506.0,1339.0,221.94073,5,0.0,360.25512000000003,224.47495,112.0,1104.49107,123703.0,402.0,1661.0,367.99785,2,0.0,0.8580200000000001,,,,,,,,,fliC-,Solid
1.0,fliC-_PaQa_solid_1_event12_tirf_RAW_Stack.tif,698.0,255.0,255.0,255.0,23.79226,39.16046,1.0,789.0,500.02408,394519.0,169.0,763.0,143.30411,422.59421,212.4092,137.0,431.69343,59142.0,129.0,669.0,155.91823,2,0.0,396.17137,256.45011,137.0,475.58394,65155.0,185.0,684.0,146.75101999999998,0,0.0,0.86456,,,,,,,,,fliC-,Solid
2.0,fliC-_PaQa_solid_1_event12_tirf_RAW_Stack.tif,458.0,255.0,255.0,255.0,26.18341,29.33406,1.0,523.0,669.85277,350333.0,245.0,1016.0,201.67557,151.63898999999998,138.05097,137.0,571.2554700000001,78262.0,107.0,1016.0,274.94786,2,0.0,171.01359,113.67372,137.0,578.0073,79187.0,205.0,876.0,199.37511,1,0.0,0.7418100000000001,,,,,,,,,fliC-,Solid
3.0,fliC-_PaQa_solid_1_event12_tirf_RAW_Stack.tif,393.0,255.0,255.0,255.0,15.04198,27.95547,1.0,446.0,379.52691,169269.0,170.0,561.0,106.50067,112.27437,299.66389,112.0,336.24107000000004,37659.0,174.0,501.0,88.585,0,0.0,119.21295,325.4764,112.0,344.17857000000004,38548.0,124.0,555.0,109.56542,3,0.0,0.81157,,,,,,,,,fliC-,Solid
1.0,fliC-_PaQa_solid_1_event13_tirf_RAW_Stack.tif,768.0,255.0,255.0,255.0,38.35026,24.6862,1.0,867.0,607.8662099999999,527020.0,249.0,927.0,169.7747,264.65454,385.75559,156.0,518.80128,80933.0,185.0,745.0,164.27174,0,0.0,313.47699,356.46358,156.0,545.6923099999999,85128.0,187.0,864.0,201.88466,2,0.0,0.8183699999999999,,,,,,,,,fliC-,Solid
1.0,fliC-_PaQa_solid_1_event14_tirf_RAW_Stack.tif,627.0,255.0,255.0,255.0,29.9673,29.70574,1.0,715.0,920.34266,658045.0,411.0,1365.0,255.59303,260.67314,289.57012000000003,137.0,713.71533,97779.0,233.0,1129.0,263.45657,0,0.0,227.32686,255.42988,137.0,913.24088,125114.0,340.0,1365.0,311.415,3,0.0,0.8244100000000001,,,,,,,,,fliC-,Solid
1.0,fliC-_PaQa_solid_1_event15_tirf_RAW_Stack.tif,601.0,255.0,255.0,255.0,30.66805,24.72962,1.0,681.0,272.91336,185854.0,110.0,415.0,74.82548,345.28043,82.19317,156.0,235.12821,36680.0,113.0,370.0,74.08100999999999,1,0.0,381.34127,59.21771,156.0,262.97436,41024.0,94.0,407.0,89.86017,1,0.0,0.84975,,,,,,,,,fliC-,Solid
1.0,fliC-_PaQa_solid_1_event16_tirf_RAW_Stack.tif,765.0,255.0,255.0,255.0,45.64902,20.9732,1.0,859.0,948.18859,814494.0,364.0,1352.0,255.8991,380.71901,204.93742,37.0,820.10811,30344.0,515.0,1129.0,179.53811000000002,1,0.0,317.32649,221.23966,37.0,830.59459,30732.0,495.0,1076.0,168.39792,2,0.0,0.85995,,,,,,,,,fliC-,Solid
1.0,fliC-_PaQa_solid_1_event1_tirf_RAW_Stack.tif,685.0,255.0,255.0,255.0,43.79781,12.24161,1.0,769.0,322.68661000000003,248146.0,159.0,459.0,71.15035999999999,276.75299,189.70482,37.0,259.89189,9616.0,130.0,369.0,70.97761,1,0.0,217.22361,182.48843,37.0,288.78378,10685.0,170.0,367.0,57.57948,0,0.0,0.8368200000000001,,,,,,,,,fliC-,Solid
2.0,fliC-_PaQa_solid_1_event1_tirf_RAW_Stack.tif,704.0,255.0,255.0,255.0,15.82955,39.74148,1.0,792.0,309.33081,244990.0,152.0,450.0,79.66001999999999,388.73942,283.69708,137.0,271.42336,37185.0,107.0,407.0,79.49701,0,0.0,376.6264,231.21858,137.0,321.27737,44015.0,172.0,444.0,85.217,0,0.0,0.93723,,,,,,,,,fliC-,Solid
1.0,fliC-_PaQa_solid_1_event2_tirf_RAW_Stack.tif,661.0,255.0,255.0,255.0,11.07186,43.61498,1.0,747.0,376.33066,281119.0,163.0,542.0,96.47197,223.03754,221.25602,137.0,312.84672,42860.0,74.0,504.0,129.67997,0,0.0,220.62278,274.68163,137.0,345.9562,47396.0,97.0,531.0,126.00997,2,0.0,0.81633,,,,,,,,,fliC-,Solid
2.0,fliC-_PaQa_solid_1_event2_tirf_RAW_Stack.tif,799.0,255.0,255.0,255.0,13.08824,49.974340000000005,1.0,899.0,370.25806,332862.0,168.0,523.0,94.3493,134.78775,378.73965,156.0,317.14103,49474.0,94.0,490.0,119.34458,2,0.0,142.21225,442.26035,156.0,326.66667,50960.0,95.0,522.0,123.67222,3,0.0,0.81297,,,,,,,,,fliC-,Solid
3.0,fliC-_PaQa_solid_1_event2_tirf_RAW_Stack.tif,511.0,255.0,255.0,255.0,30.79941,16.26908,1.0,576.0,1235.52951,711665.0,486.0,1710.0,324.94137,375.60745,249.79825,37.0,1004.94595,37183.0,576.0,1391.0,232.10282,3,0.0,334.4022,259.24396,37.0,1129.75676,41801.0,671.0,1463.0,245.12983,1,0.0,0.8468899999999999,,,,,,,,,fliC-,Solid
2.0,fliC-_PaQa_solid_1_event3_tirf_RAW_Stack.tif,820.0,255.0,255.0,255.0,43.59024,25.07561,1.0,929.0,2305.3197,2141642.0,979.0,3346.0,668.41517,246.56361,285.04882000000003,137.0,1746.33577,239248.0,335.0,2969.0,822.69685,2,0.0,185.78547,257.1891,137.0,2110.21898,289100.0,708.0,3195.0,731.33613,2,0.0,0.78288,,,,,,,,,fliC-,Solid
1.0,fliC-_PaQa_solid_1_event4_tirf_RAW_Stack.tif,975.0,255.0,255.0,255.0,45.57487,31.9759,1.0,1097.0,351.27894,385353.0,168.0,521.0,99.18759,303.40553,420.13323,156.0,286.4359,44684.0,115.0,463.0,95.15272,1,0.0,243.74071,380.64613,156.0,323.33333,50440.0,114.0,515.0,119.71252,1,0.0,0.8246399999999999,,,,,,,,,fliC-,Solid
1.0,fliC-_PaQa_solid_1_event5_tirf_RAW_Stack.tif,492.0,255.0,255.0,255.0,29.91667,24.08943,1.0,564.0,1718.0833300000002,968999.0,782.0,2515.0,513.70955,364.2969,188.50282,112.0,1444.09821,161739.0,699.0,2192.0,432.2954,4,0.0,333.78488,166.38443,112.0,1509.625,169078.0,562.0,2387.0,564.78991,1,0.0,0.78682,,,,,,,,,fliC-,Solid
1.0,fliC-_PaQa_solid_1_event6_tirf_RAW_Stack.tif,1225.0,255.0,255.0,255.0,22.17592,61.98653,1.0,1358.0,257.77761,350062.0,123.0,380.0,65.64964,460.06528,211.39461,156.0,225.78205,35222.0,53.0,362.0,91.54405,1,0.0,440.85809000000006,121.40721,156.0,228.6859,35675.0,98.0,352.0,75.41984000000001,3,0.0,0.8514200000000001,,,,,,,,,fliC-,Solid
1.0,fliC-_PaQa_solid_1_event7_tirf_RAW_Stack.tif,838.0,255.0,255.0,255.0,15.24463,50.10263,1.0,941.0,732.84591,689608.0,321.0,1112.0,196.24023,371.94322,370.96127,137.0,560.2554700000001,76755.0,161.0,908.0,194.27584,4,0.0,360.86698,301.06889,137.0,724.62044,99273.0,297.0,1088.0,230.37984,2,0.0,0.83435,,,,,,,,,fliC-,Solid
2.0,fliC-_PaQa_solid_1_event7_tirf_RAW_Stack.tif,937.0,255.0,255.0,255.0,44.02508,30.6889,1.0,1055.0,825.0853099999999,870465.0,348.0,1184.0,229.19493,345.81159,119.28293,137.0,628.48175,86102.0,196.0,1086.0,237.46368,1,0.0,286.5322,81.18290999999999,137.0,753.08029,103172.0,323.0,1073.0,214.84923,0,0.0,0.792,,,,,,,,,fliC-,Solid
1.0,fliC-_PaQa_solid_1_event8_tirf_RAW_Stack.tif,396.0,255.0,255.0,255.0,25.91919,14.06566,1.0,451.0,674.7583099999999,304316.0,245.0,953.0,181.03358,370.35586,328.55214,112.0,570.375,63882.0,228.0,814.0,168.33809,1,0.0,343.50569,337.01183,112.0,641.0803599999999,71801.0,255.0,943.0,195.95224,1,0.0,0.81538,,,,,,,,,fliC-,Solid
2.0,fliC-_PaQa_solid_1_event8_tirf_RAW_Stack.tif,458.0,255.0,255.0,255.0,24.39301,25.55895,1.0,526.0,966.95817,508620.0,335.0,1505.0,296.99632,336.36856,296.38383,112.0,799.9196400000001,89591.0,297.0,1236.0,277.53215,0,0.0,358.21104,269.27785,112.0,878.375,98378.0,317.0,1399.0,318.7952,2,0.0,0.7903399999999999,,,,,,,,,fliC-,Solid
1.0,fliC-_PaQa_solid_1_event9_tirf_RAW_Stack.tif,930.0,255.0,255.0,255.0,16.91613,55.554840000000006,1.0,1046.0,881.25717,921795.0,397.0,1238.0,228.05443,191.96412,256.78475,137.0,783.3138700000001,107314.0,280.0,1151.0,252.14062,0,0.0,178.16951,179.1915,137.0,803.67153,110103.0,379.0,1142.0,210.5174,1,0.0,0.86967,,,,,,,,,fliC-,Solid
